,Model,Method,n Selected,best_params,Best Accuracy,Train Accuracy,Test Accuracy,Precision,Recall,F1,MCC,ROC,conf_mat,prediction,predict_proba,features,estimator,Train Time,classification_report
2,Ridge,6 or more,14,"{'C': 0.01, 'solver': 'newton-cg'}",0.5747095010252904,0.5798429319371727,0.6178010471204188,0.48771205272457263,0.6178010471204188,0.5276654625063643,0.33020583362694456,0.6575850495454285,"[[23 20  0]
 [ 7 95  0]
 [ 0 46  0]]","[-1  0  0  0  0 -1  0  0 -1  0  0  0  0 -1  0  0  0  0  0  0  0  0  0  0
  0 -1  0 -1  0  0 -1  0  0  0  0  0 -1  0  0  0  0  0  0  0  0  0  0  0
  0  0  0  0 -1  0  0  0  0  0  0  0  0  0  0  0  0  0  0  0  0 -1  0  0
  0  0  0 -1  0  0  0  0  0  0 -1  0  0  0  0  0  0  0  0  0  0 -1  0  0
  0  0  0  0  0  0  0  0 -1  0  0  0  0  0  0 -1 -1  0  0  0 -1  0  0  0
  0 -1  0 -1 -1 -1  0  0  0  0 -1 -1  0  0  0  0  0  0  0  0  0  0  0 -1
 -1  0  0  0 -1  0  0  0  0  0  0  0  0  0  0 -1  0 -1  0  0  0  0  0  0
  0  0  0  0  0  0  0  0 -1  0  0  0  0  0  0  0  0 -1  0  0  0  0  0]","[[0.52561063 0.38298582 0.09140355]
 [0.1414162  0.55753838 0.30104543]
 [0.33344033 0.5275703  0.13898937]
 [0.12792727 0.55438031 0.31769241]
 [0.14033208 0.55968876 0.29997916]
 [0.53296451 0.39031349 0.076722  ]
 [0.15814743 0.56795268 0.2738999 ]
 [0.1592388  0.55324477 0.28751642]
 [0.47444084 0.42600777 0.09955139]
 [0.13432391 0.57345425 0.29222184]
 [0.13974449 0.56345987 0.29679564]
 [0.16025712 0.57848075 0.26126213]
 [0.12631821 0.56971374 0.30396805]
 [0.5904807  0.3418943  0.06762501]
 [0.27419572 0.53794801 0.18785627]
 [0.34087888 0.47583599 0.18328513]
 [0.12909374 0.55789404 0.31301223]
 [0.18523623 0.56371377 0.25105   ]
 [0.20168238 0.55879333 0.23952429]
 [0.11413861 0.55384097 0.33202042]
 [0.11623315 0.55011138 0.33365547]
 [0.3191684  0.50236229 0.17846931]
 [0.28888584 0.55550433 0.15560983]
 [0.13392913 0.57901287 0.287058  ]
 [0.14887615 0.56781092 0.28331293]
 [0.53559353 0.39358673 0.07081974]
 [0.14400864 0.57388081 0.28211055]
 [0.55640575 0.3892492  0.05434505]
 [0.15131008 0.56838632 0.2803036 ]
 [0.14858068 0.53310216 0.31831716]
 [0.49379602 0.41301332 0.09319066]
 [0.22301261 0.56967443 0.20731296]
 [0.15118016 0.60358006 0.24523977]
 [0.38581256 0.51874688 0.09544057]
 [0.11386381 0.57726843 0.30886776]
 [0.14812007 0.56373311 0.28814683]
 [0.47135139 0.43871523 0.08993339]
 [0.12045982 0.56872338 0.31081679]
 [0.11433401 0.56403436 0.32163163]
 [0.43534406 0.45802289 0.10663305]
 [0.14411892 0.57110807 0.28477301]
 [0.13464106 0.57895271 0.28640622]
 [0.16208296 0.56010287 0.27781416]
 [0.13215179 0.5755079  0.29234031]
 [0.34082492 0.51007367 0.14910141]
 [0.13610256 0.57410499 0.28979246]
 [0.12476334 0.55727479 0.31796188]
 [0.10069839 0.5956666  0.30363501]
 [0.06234921 0.57199689 0.36565391]
 [0.35221248 0.50813381 0.13965371]
 [0.1409069  0.57122301 0.28787009]
 [0.15637849 0.58732978 0.25629173]
 [0.78309555 0.20427916 0.01262529]
 [0.22647655 0.5314956  0.24202784]
 [0.12887059 0.58175314 0.28937627]
 [0.12092721 0.58524513 0.29382766]
 [0.09703275 0.58259807 0.32036918]
 [0.15037165 0.57430155 0.2753268 ]
 [0.39434813 0.46800091 0.13765096]
 [0.20362935 0.55395663 0.24241402]
 [0.1927218  0.71099398 0.09628422]
 [0.14082255 0.55385415 0.3053233 ]
 [0.11125683 0.58211565 0.30662752]
 [0.39579261 0.45240686 0.15180052]
 [0.13443848 0.58388113 0.28168039]
 [0.10712116 0.5573571  0.33552174]
 [0.17933915 0.57629247 0.24436838]
 [0.23824823 0.64517599 0.11657578]
 [0.42625087 0.45939236 0.11435678]
 [0.54007411 0.37566799 0.08425789]
 [0.16303032 0.57057071 0.26639897]
 [0.12401129 0.57152899 0.30445972]
 [0.18639288 0.54740117 0.26620594]
 [0.14857119 0.57339696 0.27803185]
 [0.09563863 0.6564332  0.24792816]
 [0.52593858 0.39133896 0.08272246]
 [0.1164139  0.55129998 0.33228612]
 [0.24795557 0.55266946 0.19937497]
 [0.1767069  0.5687319  0.2545612 ]
 [0.14975231 0.57819863 0.27204905]
 [0.19904768 0.55853801 0.24241431]
 [0.14168294 0.54516102 0.31315604]
 [0.60471028 0.33541907 0.05987065]
 [0.25948554 0.53221048 0.20830397]
 [0.23782012 0.56007195 0.20210793]
 [0.11843888 0.58636795 0.29519317]
 [0.43773956 0.49597816 0.06628227]
 [0.13531185 0.56578735 0.2989008 ]
 [0.13917025 0.5706003  0.29022944]
 [0.32109161 0.52528437 0.15362402]
 [0.21358335 0.55477931 0.23163733]
 [0.25549351 0.54244533 0.20206116]
 [0.13266419 0.55271426 0.31462155]
 [0.72946153 0.25835162 0.01218685]
 [0.32782432 0.5220815  0.15009417]
 [0.16148099 0.57233583 0.26618318]
 [0.13727237 0.69026278 0.17246485]
 [0.15127697 0.58095646 0.26776658]
 [0.14021241 0.56481849 0.2949691 ]
 [0.1227413  0.54725895 0.32999975]
 [0.21759189 0.54585647 0.23655164]
 [0.1560768  0.55999441 0.28392878]
 [0.39409904 0.47395539 0.13194557]
 [0.32554422 0.50302106 0.17143471]
 [0.54429937 0.36726997 0.08843065]
 [0.16359212 0.57912935 0.25727853]
 [0.41925322 0.47540273 0.10534404]
 [0.19284958 0.55263461 0.25451581]
 [0.13301686 0.54131085 0.32567229]
 [0.17312717 0.56557212 0.26130071]
 [0.12733396 0.57177758 0.30088845]
 [0.45440858 0.44100227 0.10458916]
 [0.45099264 0.42873039 0.12027697]
 [0.14430666 0.60453758 0.25115576]
 [0.11185141 0.56697419 0.3211744 ]
 [0.13459253 0.58071748 0.28468999]
 [0.56429648 0.34871977 0.08698376]
 [0.16269507 0.56039573 0.2769092 ]
 [0.13330101 0.587312   0.27938699]
 [0.15992481 0.54930644 0.29076876]
 [0.36935263 0.49013395 0.14051343]
 [0.51552302 0.40517299 0.07930398]
 [0.08840648 0.54944617 0.36214735]
 [0.51588781 0.380534   0.1035782 ]
 [0.55422406 0.35355813 0.09221781]
 [0.62856637 0.32219229 0.04924134]
 [0.2848279  0.58345694 0.13171516]
 [0.21740643 0.56210302 0.22049054]
 [0.19237383 0.55774448 0.24988169]
 [0.17713418 0.53756942 0.2852964 ]
 [0.53342265 0.39434038 0.07223697]
 [0.58923901 0.36150113 0.04925986]
 [0.26149982 0.55799047 0.18050971]
 [0.17880283 0.56937152 0.25182565]
 [0.26584382 0.55168704 0.18246914]
 [0.31015884 0.51209028 0.17775088]
 [0.40622717 0.46840282 0.12537001]
 [0.19514262 0.56554209 0.23931529]
 [0.44856031 0.45551745 0.09592224]
 [0.34635486 0.50656477 0.14708037]
 [0.1464336  0.57110977 0.28245662]
 [0.18979471 0.59282521 0.21738008]
 [0.19155071 0.5610801  0.24736919]
 [0.46062297 0.43619251 0.10318452]
 [0.73017534 0.24805375 0.02177091]
 [0.128781   0.61037171 0.26084729]
 [0.14404318 0.56730971 0.28864711]
 [0.16554176 0.56597866 0.26847958]
 [0.51499383 0.39856807 0.0864381 ]
 [0.3442188  0.48196024 0.17382095]
 [0.13905976 0.59866772 0.26227252]
 [0.12336613 0.56155094 0.31508293]
 [0.15164498 0.5731739  0.27518112]
 [0.12165968 0.56806977 0.31027055]
 [0.15950019 0.57050336 0.26999645]
 [0.13961271 0.57084419 0.28954311]
 [0.18799988 0.5651572  0.24684293]
 [0.24205585 0.57092905 0.1870151 ]
 [0.20564103 0.57076705 0.22359193]
 [0.44875439 0.43599313 0.11525248]
 [0.15824817 0.57191548 0.26983635]
 [0.56624228 0.35573858 0.07801914]
 [0.37395716 0.4777699  0.14827294]
 [0.28389234 0.47095647 0.24515119]
 [0.113293   0.59695916 0.28974785]
 [0.12657214 0.57419533 0.29923254]
 [0.1369002  0.57542398 0.28767582]
 [0.2065893  0.57057938 0.22283132]
 [0.25875749 0.51709212 0.22415039]
 [0.25777632 0.53371445 0.20850923]
 [0.27318145 0.4976365  0.22918205]
 [0.15963318 0.55177672 0.2885901 ]
 [0.073286   0.60272632 0.32398769]
 [0.19505851 0.56276065 0.24218084]
 [0.16412535 0.56983636 0.2660383 ]
 [0.12511824 0.57188214 0.30299962]
 [0.61025835 0.3325141  0.05722755]
 [0.1252937  0.58122343 0.29348287]
 [0.23447923 0.54581392 0.21970685]
 [0.15867301 0.57551826 0.26580873]
 [0.11959751 0.56983444 0.31056805]
 [0.437721   0.45301841 0.10926059]
 [0.39823249 0.48647824 0.11528927]
 [0.16990273 0.54096143 0.28913584]
 [0.33679571 0.50571202 0.15749227]
 [0.56698019 0.36006105 0.07295876]
 [0.09139249 0.55225646 0.35635105]
 [0.1720941  0.56276638 0.26513951]
 [0.34085662 0.44942217 0.20972121]
 [0.13041701 0.569991   0.29959199]
 [0.14116669 0.57009188 0.28874142]]","['% Black Diff', '% On Campus 01/29/21', '% On Campus 09/28/20', '% On Campus 10/30/20', '% Prek Diff', '% Reduced-price Lunch Diff', '% Tested Reading G4 Diff', '% Tested Reading G6 Diff', '% Tested Reading G7 Diff', 'ARP ESSER III 21', 'CARES ESSER I 20', 'CRRSA ESSER II 21', 'ESSER-SUPP 23', 'Unemployed Level Diff']","LogisticRegression(C=0.01, max_iter=10000, multi_class='ovr', n_jobs=-1,
                   random_state=123, solver='newton-cg')",0.390625,"              precision    recall  f1-score   support

          -1       0.77      0.53      0.63        43
           0       0.59      0.93      0.72       102
           1       0.00      0.00      0.00        46

    accuracy                           0.62       191
   macro avg       0.45      0.49      0.45       191
weighted avg       0.49      0.62      0.53       191
"
6,SVM,6 or more,14,"{'C': 0.01, 'kernel': 'linear'}",0.5720608339029392,0.5863874345549738,0.612565445026178,0.48770555768384904,0.612565445026178,0.5205448175412354,0.3185717398321662,0.6183379489402561,"[[21 22  0]
 [ 6 96  0]
 [ 0 46  0]]","[-1  0  0  0  0 -1  0  0 -1  0  0  0  0 -1  0  0  0  0  0  0  0  0  0  0
  0 -1  0 -1  0  0 -1  0  0  0  0  0  0  0  0  0  0  0  0  0  0  0  0  0
  0  0  0  0 -1  0  0  0  0  0  0  0  0  0  0  0  0  0  0  0  0 -1  0  0
  0  0  0 -1  0  0  0  0  0  0 -1  0  0  0  0  0  0  0  0  0  0 -1  0  0
  0  0  0  0  0  0  0  0 -1  0  0  0  0  0  0  0  0  0  0  0 -1  0  0  0
  0 -1  0 -1 -1 -1  0  0  0  0 -1 -1  0  0  0  0  0  0  0  0  0  0  0  0
 -1  0  0  0 -1  0  0  0  0  0  0  0  0  0  0 -1  0 -1  0  0  0  0  0  0
  0  0  0  0  0  0  0  0 -1  0  0  0  0 -1  0  0  0 -1  0  0  0  0  0]","[[0.57754374 0.32618253 0.09627373]
 [0.13454826 0.55889743 0.30655431]
 [0.3370293  0.50168492 0.16128578]
 [0.12077234 0.55458844 0.32463922]
 [0.13917694 0.54466608 0.31615699]
 [0.56853395 0.32433181 0.10713424]
 [0.15246684 0.5503021  0.29723106]
 [0.16145393 0.54088364 0.29766243]
 [0.49863854 0.38857768 0.11278378]
 [0.12990279 0.54852211 0.3215751 ]
 [0.13554951 0.55324121 0.31120929]
 [0.15621082 0.53993023 0.30385896]
 [0.12353884 0.55788433 0.31857683]
 [0.65449717 0.27537241 0.07013042]
 [0.27198692 0.49297341 0.23503967]
 [0.37520286 0.46178609 0.16301106]
 [0.1368693  0.5297606  0.3333701 ]
 [0.17605343 0.53725829 0.28668828]
 [0.19622722 0.52513717 0.27863561]
 [0.11704346 0.56332792 0.31962862]
 [0.12268187 0.55721883 0.32009931]
 [0.31843688 0.47469924 0.20686388]
 [0.29608894 0.51217812 0.19173293]
 [0.1278897  0.54961065 0.32249965]
 [0.14738654 0.54144794 0.31116552]
 [0.58649502 0.31443662 0.09906836]
 [0.13745187 0.55493199 0.30761614]
 [0.58651036 0.34204349 0.07144615]
 [0.14998338 0.55311069 0.29690593]
 [0.15118347 0.54423526 0.30458126]
 [0.525191   0.34721702 0.12759198]
 [0.20817178 0.53524822 0.25658   ]
 [0.14970011 0.55681515 0.29348474]
 [0.42031383 0.42753188 0.15215429]
 [0.10998426 0.56458644 0.3254293 ]
 [0.14110691 0.54331575 0.31557735]
 [0.48848948 0.39986423 0.11164629]
 [0.11513174 0.56059432 0.32427394]
 [0.11119315 0.52764788 0.36115897]
 [0.44278305 0.41942599 0.13779096]
 [0.14050204 0.55182531 0.30767264]
 [0.12408537 0.55115187 0.32476276]
 [0.16109428 0.54353116 0.29537456]
 [0.12877733 0.54867191 0.32255076]
 [0.36555133 0.47865381 0.15579486]
 [0.13178646 0.52020699 0.34800655]
 [0.12040948 0.56072127 0.31886925]
 [0.13929802 0.51831418 0.34238779]
 [0.06238003 0.54303348 0.39458649]
 [0.34890984 0.47014098 0.18094918]
 [0.13490135 0.55481273 0.31028592]
 [0.15444011 0.54748782 0.29807207]
 [0.9119627  0.08153797 0.00649933]
 [0.22021601 0.5213133  0.25847069]
 [0.12206679 0.54953403 0.32839918]
 [0.11402378 0.55747764 0.32849858]
 [0.09031262 0.56434827 0.34533911]
 [0.13246471 0.55354199 0.3139933 ]
 [0.42700814 0.44197463 0.13101723]
 [0.19763701 0.53940483 0.26295816]
 [0.20630124 0.53313632 0.26056244]
 [0.1413053  0.54822157 0.31047313]
 [0.10875914 0.55748089 0.33375997]
 [0.42510267 0.41130067 0.16359666]
 [0.12873639 0.56035046 0.31091316]
 [0.10107642 0.55998594 0.33893764]
 [0.17048212 0.53795001 0.29156787]
 [0.22518024 0.5909088  0.18391097]
 [0.42304322 0.43016382 0.14679295]
 [0.57677089 0.32612481 0.09710431]
 [0.16248581 0.54727585 0.29023834]
 [0.12234848 0.56942477 0.30822675]
 [0.17773552 0.54004196 0.28222252]
 [0.13998516 0.55705971 0.30295513]
 [0.09170879 0.59811196 0.31017925]
 [0.59615796 0.31033284 0.0935092 ]
 [0.11124266 0.55625255 0.33250479]
 [0.23698313 0.53537218 0.22764469]
 [0.16461883 0.54521926 0.29016191]
 [0.1538858  0.53285871 0.31325549]
 [0.20407339 0.52317917 0.27274744]
 [0.13716966 0.5600634  0.30276694]
 [0.69784178 0.23160373 0.07055449]
 [0.26129066 0.49755778 0.24115156]
 [0.24077527 0.52675182 0.23247291]
 [0.11330505 0.54844854 0.33824641]
 [0.4232757  0.4600143  0.11671   ]
 [0.13314497 0.55531546 0.31153957]
 [0.13225253 0.5604383  0.30730917]
 [0.3246675  0.50314176 0.17219073]
 [0.20566052 0.5144162  0.27992328]
 [0.25235086 0.51556752 0.23208162]
 [0.12455074 0.55849984 0.31694942]
 [0.83423199 0.15610757 0.00966045]
 [0.31253968 0.4953728  0.19208751]
 [0.15430819 0.5430417  0.30265011]
 [0.13198958 0.53442567 0.33358475]
 [0.13837095 0.56374771 0.29788133]
 [0.13583955 0.55014351 0.31401694]
 [0.12007864 0.55925534 0.32066602]
 [0.2212918  0.51799008 0.26071812]
 [0.15751639 0.55796779 0.28451583]
 [0.42439786 0.44591692 0.12968522]
 [0.35207177 0.44639609 0.20153215]
 [0.57569087 0.32524931 0.09905982]
 [0.16190865 0.55548933 0.28260202]
 [0.41446669 0.43977967 0.14575364]
 [0.19065487 0.523139   0.28620614]
 [0.12805951 0.55760295 0.31433753]
 [0.16108871 0.54476604 0.29414525]
 [0.12310976 0.55299076 0.32389948]
 [0.48409407 0.40972005 0.10618589]
 [0.45904988 0.40538475 0.13556537]
 [0.14308475 0.54204068 0.31487457]
 [0.1155933  0.58045539 0.30395132]
 [0.12363769 0.55779785 0.31856445]
 [0.61933768 0.28555805 0.09510427]
 [0.16206016 0.53733325 0.30060659]
 [0.12277851 0.56557984 0.31164166]
 [0.16408635 0.53933272 0.29658093]
 [0.37942317 0.46014968 0.16042715]
 [0.54670191 0.37023604 0.08306205]
 [0.0902255  0.57676153 0.33301297]
 [0.56892596 0.32435168 0.10672236]
 [0.59315548 0.32351932 0.0833252 ]
 [0.69518804 0.23694225 0.06786972]
 [0.29080164 0.53574979 0.17344858]
 [0.20657101 0.53074443 0.26268456]
 [0.18758653 0.52716572 0.28524774]
 [0.17994959 0.53265424 0.28739618]
 [0.57114184 0.35339215 0.075466  ]
 [0.6510363  0.30474087 0.04422284]
 [0.25003915 0.5034804  0.24648045]
 [0.16874452 0.54116815 0.29008733]
 [0.26939054 0.51820012 0.21240934]
 [0.32564094 0.4963098  0.17804926]
 [0.43105088 0.44747034 0.12147878]
 [0.18585909 0.53800729 0.27613362]
 [0.48006784 0.43141364 0.08851852]
 [0.35836271 0.46997528 0.17166201]
 [0.14022719 0.54936152 0.31041129]
 [0.20214828 0.54733288 0.25051884]
 [0.18397073 0.53229071 0.28373856]
 [0.46917923 0.41281157 0.11800919]
 [0.83442873 0.14577615 0.01979512]
 [0.12341354 0.53887352 0.33771293]
 [0.14519741 0.52968319 0.32511939]
 [0.16554531 0.53820712 0.29624757]
 [0.57722019 0.34934993 0.07342988]
 [0.33469848 0.45976004 0.20554148]
 [0.13476568 0.54811225 0.31712208]
 [0.12102415 0.56402316 0.31495269]
 [0.14959239 0.55766665 0.29274096]
 [0.11510215 0.56277286 0.32212499]
 [0.15310809 0.54322289 0.30366902]
 [0.13382029 0.551261   0.31491871]
 [0.17986126 0.53220379 0.28793494]
 [0.21912551 0.57039656 0.21047793]
 [0.19312713 0.55368238 0.25319049]
 [0.47282003 0.39174615 0.13543382]
 [0.14924749 0.54227136 0.30848115]
 [0.62571335 0.2877698  0.08651686]
 [0.39142257 0.47245409 0.13612334]
 [0.30864347 0.46434303 0.2270135 ]
 [0.11115736 0.55412897 0.33471367]
 [0.12418547 0.54909041 0.32672413]
 [0.13579188 0.55734054 0.30686759]
 [0.2096883  0.54122586 0.24908584]
 [0.25770475 0.49262736 0.2496679 ]
 [0.25742538 0.49761911 0.24495551]
 [0.27262538 0.48556306 0.24181156]
 [0.15438643 0.54238241 0.30323116]
 [0.07695971 0.5444692  0.37857109]
 [0.19521541 0.52047584 0.28430875]
 [0.15751068 0.54610668 0.29638264]
 [0.11925006 0.55034988 0.33040006]
 [0.68288764 0.26220391 0.05490845]
 [0.11494848 0.56247131 0.32258022]
 [0.23172351 0.49822561 0.27005088]
 [0.15784795 0.53459307 0.30755898]
 [0.11011199 0.55953683 0.33035118]
 [0.48913013 0.38633038 0.12453949]
 [0.4024614  0.46496575 0.13257286]
 [0.16849153 0.53852231 0.29298616]
 [0.34002745 0.48025133 0.17972122]
 [0.60016718 0.32305967 0.07677315]
 [0.08915843 0.564861   0.34598057]
 [0.16363735 0.53898583 0.29737682]
 [0.37117707 0.42235155 0.20647139]
 [0.12655578 0.55189269 0.32155153]
 [0.13449558 0.55033718 0.31516724]]","['% Black Diff', '% On Campus 01/29/21', '% On Campus 09/28/20', '% On Campus 10/30/20', '% Prek Diff', '% Reduced-price Lunch Diff', '% Tested Reading G4 Diff', '% Tested Reading G6 Diff', '% Tested Reading G7 Diff', 'ARP ESSER III 21', 'CARES ESSER I 20', 'CRRSA ESSER II 21', 'ESSER-SUPP 23', 'Unemployed Level Diff']","SVC(C=0.01, kernel='linear', probability=True, random_state=123)",0.15625,"              precision    recall  f1-score   support

          -1       0.78      0.49      0.60        43
           0       0.59      0.94      0.72       102
           1       0.00      0.00      0.00        46

    accuracy                           0.61       191
   macro avg       0.45      0.48      0.44       191
weighted avg       0.49      0.61      0.52       191
"
12,RF,4 or more,57,"{'ccp_alpha': 0, 'criterion': 'gini', 'max_depth': None, 'max_leaf_nodes': 31, 'max_samples': None, 'min_samples_leaf': 1, 'n_estimators': 50}",0.5878673957621326,0.7918848167539267,0.5863874345549738,0.5523694140499686,0.5863874345549738,0.5396025814123411,0.26277431215773445,0.6882794788597564,"[[23 18  2]
 [12 84  6]
 [ 1 40  5]]","[-1  0  0  0  0 -1  0  1 -1  0  0  0  0 -1  0  0  0  0  0  0  1  0  0  0
  0 -1  0 -1  0  0 -1  0  0 -1  0  0 -1  0  0 -1  0  0  0  0  0  1  0  0
 -1 -1  0  0 -1  0  0  0  1  0 -1  0  0  0  0  0  0  0  0  0 -1  0  0  0
  0  0  0 -1  0  0  0  0  0  1 -1  0  0  1 -1  0  0  0  0  0  0 -1  0  0
  0  1  0 -1  0  1  0  0 -1  0  0  0  1  0  0 -1  0  0  0  0 -1  0  0  1
  0 -1  0  0 -1 -1 -1  0  0  0 -1 -1  0  0  0 -1  0  0  0  0  0 -1  0  0
 -1  0  0  0  0  0  0  0  0  0  0  0  0  0  0 -1  0 -1  0  0  0  0  0  0
  0  0  1  0  0  0  0  1 -1  1  0  0  0 -1  0  0  0  0  0  0  0  0  0]","[[0.64811918 0.31347248 0.03840834]
 [0.06176229 0.70582019 0.23241752]
 [0.34774564 0.57457484 0.07767952]
 [0.13424726 0.53570571 0.33004703]
 [0.09688015 0.71718353 0.18593631]
 [0.74040161 0.22333829 0.0362601 ]
 [0.08252712 0.71123142 0.20624146]
 [0.31087741 0.34316412 0.34595848]
 [0.60388718 0.35912832 0.0369845 ]
 [0.08805706 0.48398477 0.42795817]
 [0.10647686 0.56403219 0.32949095]
 [0.07189154 0.66298868 0.26511978]
 [0.16843557 0.43084551 0.40071892]
 [0.65148268 0.29346902 0.05504829]
 [0.16567049 0.64755856 0.18677095]
 [0.3131158  0.52825332 0.15863089]
 [0.14977532 0.42605183 0.42417285]
 [0.11060398 0.75023024 0.13916578]
 [0.18400526 0.69566836 0.12032638]
 [0.11382358 0.74905245 0.13712397]
 [0.17278953 0.31055263 0.51665784]
 [0.38286859 0.48574843 0.13138298]
 [0.40820412 0.52554729 0.06624859]
 [0.09958617 0.68407619 0.21633763]
 [0.0733144  0.80134108 0.12534452]
 [0.84080745 0.13464664 0.02454591]
 [0.0803117  0.76528349 0.15440481]
 [0.55085968 0.40822923 0.04091109]
 [0.15438296 0.45335013 0.39226691]
 [0.20307685 0.48347622 0.31344693]
 [0.71966669 0.2238835  0.05644982]
 [0.26616824 0.64822525 0.08560651]
 [0.26916996 0.5811091  0.14972094]
 [0.57828158 0.34344917 0.07826925]
 [0.10874749 0.51985174 0.37140077]
 [0.11842144 0.54536511 0.33621345]
 [0.67815055 0.25620146 0.06564799]
 [0.15307403 0.48683634 0.36008964]
 [0.22334286 0.55132251 0.22533462]
 [0.52929316 0.41129306 0.05941377]
 [0.1128877  0.69657754 0.19053476]
 [0.22719084 0.42793909 0.34487007]
 [0.07550493 0.77349226 0.15100281]
 [0.10102986 0.59688939 0.30208075]
 [0.41232983 0.51449779 0.07317238]
 [0.27588327 0.36125133 0.3628654 ]
 [0.14219012 0.53207549 0.32573439]
 [0.10497001 0.57440491 0.32062508]
 [0.41474405 0.19895293 0.38630302]
 [0.6221218  0.30405564 0.07382255]
 [0.12537071 0.67778186 0.19684743]
 [0.17081839 0.70322911 0.1259525 ]
 [0.8488964  0.12040045 0.03070316]
 [0.18472528 0.57914236 0.23613236]
 [0.12719641 0.46654237 0.40626122]
 [0.08674262 0.71494981 0.19830757]
 [0.13523904 0.41517866 0.4495823 ]
 [0.2546621  0.41633455 0.32900335]
 [0.53221115 0.38185011 0.08593874]
 [0.21484241 0.45855228 0.32660531]
 [0.26394957 0.41423041 0.32182002]
 [0.09275712 0.61590928 0.2913336 ]
 [0.08346895 0.6846767  0.23185435]
 [0.31631985 0.49586385 0.18781629]
 [0.06912162 0.75680613 0.17407225]
 [0.13358563 0.56671045 0.29970392]
 [0.10860348 0.76446733 0.12692919]
 [0.35674584 0.42829905 0.21495511]
 [0.50762849 0.39982828 0.09254323]
 [0.40146992 0.42442619 0.17410388]
 [0.09974055 0.74958619 0.15067326]
 [0.21006227 0.41515519 0.37478255]
 [0.16804808 0.52593957 0.30601235]
 [0.07997958 0.7834686  0.13655182]
 [0.13394591 0.60592177 0.26013232]
 [0.70110959 0.26165158 0.03723884]
 [0.22228114 0.53017716 0.24754171]
 [0.15606884 0.71793236 0.1259988 ]
 [0.12731214 0.52195238 0.35073548]
 [0.0839799  0.49751848 0.41850161]
 [0.21775634 0.55625418 0.22598948]
 [0.3156217  0.24681859 0.43755971]
 [0.73667955 0.22125906 0.04206139]
 [0.20061366 0.59583006 0.20355628]
 [0.37796309 0.5183841  0.10365281]
 [0.14832624 0.34990848 0.50176528]
 [0.55302164 0.38580622 0.06117214]
 [0.08052985 0.69305343 0.22641672]
 [0.10078465 0.48598972 0.41322563]
 [0.34994857 0.57462731 0.07542412]
 [0.11055828 0.68926857 0.20017315]
 [0.29750288 0.61271603 0.08978108]
 [0.1209789  0.55387996 0.32514115]
 [0.50180605 0.46714882 0.03104513]
 [0.18188059 0.60908295 0.20903645]
 [0.09491845 0.76386264 0.14121892]
 [0.07814214 0.73721979 0.18463806]
 [0.15946081 0.39799845 0.44254075]
 [0.15883304 0.61204742 0.22911954]
 [0.47245345 0.21886201 0.30868454]
 [0.19439354 0.55726402 0.24834244]
 [0.19606385 0.37822696 0.42570919]
 [0.3859454  0.52416842 0.08988618]
 [0.24154437 0.45599919 0.30245644]
 [0.54444557 0.35000411 0.10555033]
 [0.37466527 0.50513106 0.12020367]
 [0.24237721 0.64482851 0.11279428]
 [0.07557814 0.75087266 0.1735492 ]
 [0.26915778 0.35394675 0.37689547]
 [0.25757771 0.45302805 0.28939424]
 [0.14300879 0.50187354 0.35511767]
 [0.57343307 0.33534276 0.09122417]
 [0.37703423 0.51877678 0.10418899]
 [0.11318357 0.71481467 0.17200177]
 [0.24819959 0.47157149 0.28022892]
 [0.10866557 0.52683933 0.3644951 ]
 [0.45579851 0.41842018 0.12578131]
 [0.09326146 0.71668818 0.19005037]
 [0.09383186 0.70265993 0.20350821]
 [0.10879606 0.40112183 0.49008211]
 [0.38356517 0.56447986 0.05195498]
 [0.54400138 0.41350169 0.04249693]
 [0.1395443  0.54090339 0.31955231]
 [0.3541447  0.4408498  0.2050055 ]
 [0.60448965 0.34998344 0.04552692]
 [0.74307916 0.20363072 0.05329013]
 [0.49579488 0.40195514 0.10224998]
 [0.20142391 0.55420457 0.24437151]
 [0.07289586 0.78776913 0.13933501]
 [0.10634471 0.66831024 0.22534505]
 [0.63705158 0.32068525 0.04226317]
 [0.48097445 0.47568183 0.04334371]
 [0.14814786 0.64893928 0.20291287]
 [0.13587739 0.63283679 0.23128581]
 [0.17311277 0.69020012 0.13668711]
 [0.39125145 0.38685367 0.22189488]
 [0.31402466 0.62316195 0.06281339]
 [0.08010788 0.79309076 0.12680136]
 [0.32580491 0.61840688 0.05578821]
 [0.37179599 0.46384382 0.16436019]
 [0.09163599 0.75698034 0.15138367]
 [0.43920057 0.42570872 0.13509072]
 [0.12789167 0.72764991 0.14445843]
 [0.39734364 0.53838168 0.06427468]
 [0.83183245 0.14480402 0.02336353]
 [0.13225816 0.51938292 0.34835892]
 [0.15054544 0.50122075 0.3482338 ]
 [0.08291215 0.72354504 0.19354281]
 [0.39829388 0.539698   0.06200811]
 [0.25047432 0.37856813 0.37095755]
 [0.26387113 0.39382126 0.34230761]
 [0.10630205 0.63197469 0.26172326]
 [0.15313493 0.58048296 0.26638211]
 [0.07356385 0.6455705  0.28086564]
 [0.09606174 0.77868657 0.12525169]
 [0.0668561  0.78563613 0.14750777]
 [0.11999735 0.72297219 0.15703046]
 [0.14247192 0.74130788 0.1162202 ]
 [0.0741527  0.8124193  0.113428  ]
 [0.69084457 0.27601612 0.03313931]
 [0.08147529 0.74125251 0.1772722 ]
 [0.78844982 0.17658501 0.03496517]
 [0.32356015 0.59503336 0.08140649]
 [0.11714604 0.59684887 0.2860051 ]
 [0.08171365 0.7144734  0.20381295]
 [0.06672614 0.72307913 0.21019473]
 [0.06645444 0.74047818 0.19306737]
 [0.32150521 0.51754498 0.16094981]
 [0.22360496 0.48591549 0.29047955]
 [0.28337513 0.43491177 0.28171311]
 [0.27097059 0.34569049 0.38333891]
 [0.19131081 0.415651   0.39303818]
 [0.16964639 0.54025269 0.29010092]
 [0.13731599 0.59894866 0.26373535]
 [0.08839098 0.70068579 0.21092324]
 [0.17406007 0.37849875 0.44744118]
 [0.71608943 0.24310328 0.04080729]
 [0.15503565 0.36112017 0.48384418]
 [0.19463683 0.56454712 0.24081605]
 [0.15078184 0.68348152 0.16573664]
 [0.22601021 0.4251237  0.34886609]
 [0.63428595 0.28242017 0.08329388]
 [0.28987421 0.65012429 0.0600015 ]
 [0.1313819  0.46331632 0.40530178]
 [0.37436909 0.56008234 0.06554857]
 [0.44802651 0.50171598 0.05025751]
 [0.10777808 0.51073713 0.38148479]
 [0.12029818 0.5155666  0.36413522]
 [0.15936236 0.52701497 0.31362266]
 [0.15452951 0.54481036 0.30066013]
 [0.10217483 0.74068643 0.15713874]]","['# of Families 10', '# of Households 10', '% ADA Diff', '% Age 20-24 Pop 10', '% Age 35-44 Pop 10', '% Age 85-Up Pop 10', '% Asian Diff', '% Asian Pop 10', '% Black Diff', '% Black Pop 10', '% County Infected 09/28/20', '% Female Pop 10', '% Free Lunch Diff', '% Grades 1-8 Diff', '% Grades 9-12 Diff', '% HH Male-Child 10', '% HH Married-noChild 10', '% Hispanic Diff', '% Kinder Diff', '% Male Pop 10', '% On Campus 01/29/21', '% On Campus 09/28/20', '% On Campus 10/30/20', '% Prek Diff', '% Reduced-price Lunch Diff', '% Tested Reading G3 Diff', '% Tested Reading G4 Diff', '% Tested Reading G5 Diff', '% Tested Reading G6 Diff', '% Tested Reading G7 Diff', '% Tested Reading G8 Diff', '% Title 1 School-wide Diff', '% White Diff', '% White Pop 10', 'ARP ESSER III 21', 'Avg Family Size 10', 'Avg Household Size 10', 'CARES ESSER I 20', 'CRRSA ESSER II 21', 'County Population', 'ESSER-SUPP 22', 'ESSER-SUPP 23', 'Employed Diff', 'Labor Force Diff', 'Locale_13-City: Small', 'Locale_31-Town: Fringe', 'Locale_32-Town: Distant', 'Locale_43-Rural: Remote', 'Median Age 10', 'Median Age Female 10', 'Median Age Male 10', 'Staff:Students Diff', 'Teachers:Students Diff', 'Total Schools Diff', 'Total Students Diff', 'Unemployed Level Diff', 'Unemployed Rate Diff']","RandomForestClassifier(ccp_alpha=0, max_leaf_nodes=31, n_estimators=50,
                       n_jobs=-1, random_state=123)",22.140625,"              precision    recall  f1-score   support

          -1       0.64      0.53      0.58        43
           0       0.59      0.82      0.69       102
           1       0.38      0.11      0.17        46

    accuracy                           0.59       191
   macro avg       0.54      0.49      0.48       191
weighted avg       0.55      0.59      0.54       191
"
0,Ridge,4 or more,57,"{'C': 0.01, 'solver': 'newton-cg'}",0.5759911141490088,0.6034031413612565,0.5863874345549738,0.5173286619690588,0.5863874345549738,0.5124405220591889,0.25632683665525363,0.6595977988289097,"[[23 19  1]
 [12 88  2]
 [ 0 45  1]]","[-1  0  0  0  0 -1  0  0 -1  0  0  0  0 -1  0  0  0  0  0  0  1  0  0  0
  0 -1  0 -1  0  0 -1  0  0 -1  0  0 -1  0  0 -1  0  0  0  0  0  0  0  0
  0  0  0  0 -1  0  1  0  0  0 -1  0  0  0  0  0  0  0  0  0  0 -1  0  0
  0  0  0 -1  0  0  0  0  0  0 -1  0  0  0  0  0  0  0  0  0  0 -1  0  0
  0  0  0  1  1  0  0  0 -1  0  0  0  0  0  0  0 -1  0  0  0 -1  0  0  0
  0 -1  0 -1 -1 -1 -1  0  0  0 -1 -1  0  0  0  0  0  0 -1  0  0  0  0 -1
 -1  0  0  0 -1  0  0  0  0  0  0  0  0  0  0 -1  0 -1  0  0  0  0  0  0
  0  0  0  0  0  0  0  0 -1  0  0  0  0  0 -1  0  0 -1  0  0  0  0  0]","[[0.53649657 0.41759048 0.04591295]
 [0.13697251 0.57019498 0.29283251]
 [0.44958598 0.45702917 0.09338486]
 [0.1558582  0.53751313 0.30662866]
 [0.11462805 0.57092835 0.31444359]
 [0.57314203 0.38273997 0.04411799]
 [0.13020168 0.56802593 0.30177239]
 [0.32428623 0.38202415 0.29368962]
 [0.48984443 0.42593006 0.0842255 ]
 [0.09482224 0.59367869 0.31149907]
 [0.11637524 0.54034784 0.34327692]
 [0.11255612 0.59036789 0.29707599]
 [0.08323129 0.62713103 0.28963768]
 [0.52527536 0.42462347 0.05010117]
 [0.28631277 0.55748849 0.15619874]
 [0.3854251  0.48912037 0.12545453]
 [0.13227896 0.52820356 0.33951748]
 [0.12296105 0.60862571 0.26841325]
 [0.1523315  0.54943995 0.29822855]
 [0.10922882 0.59826074 0.29251044]
 [0.11449293 0.42104775 0.46445932]
 [0.29988891 0.50923169 0.1908794 ]
 [0.37852399 0.52481028 0.09666574]
 [0.11921624 0.61563931 0.26514445]
 [0.12398922 0.62402535 0.25198543]
 [0.55080651 0.40431692 0.04487657]
 [0.11779688 0.53283387 0.34936925]
 [0.58057225 0.37388777 0.04553998]
 [0.12867968 0.60899522 0.26232509]
 [0.14478941 0.55328072 0.30192988]
 [0.54254481 0.40789091 0.04956428]
 [0.24437185 0.5454098  0.21021836]
 [0.24695764 0.6194733  0.13356906]
 [0.49024186 0.43178637 0.07797177]
 [0.08056639 0.55168763 0.36774598]
 [0.11290836 0.61543475 0.27165688]
 [0.54543563 0.40482937 0.04973501]
 [0.12188868 0.58148701 0.29662431]
 [0.12025483 0.61591926 0.26382592]
 [0.47601667 0.47443439 0.04954895]
 [0.12916156 0.61173806 0.25910038]
 [0.12622316 0.59130408 0.28247276]
 [0.13684422 0.61224313 0.25091265]
 [0.15860619 0.56351701 0.2778768 ]
 [0.36861956 0.57415558 0.05722486]
 [0.14614141 0.54096783 0.31289076]
 [0.18203045 0.48073149 0.33723806]
 [0.04984197 0.47767497 0.47248306]
 [0.07416847 0.51469089 0.41114064]
 [0.43032733 0.46943599 0.10023669]
 [0.19280258 0.55686001 0.25033741]
 [0.20489121 0.59684713 0.19826166]
 [0.76245586 0.21889144 0.0186527 ]
 [0.13829124 0.57446316 0.2872456 ]
 [0.21769609 0.16656287 0.61574104]
 [0.11432186 0.61679689 0.26888125]
 [0.10446147 0.58223568 0.31330285]
 [0.09765539 0.63122536 0.27111925]
 [0.55421637 0.36336695 0.08241668]
 [0.19205626 0.55470353 0.25324021]
 [0.30437421 0.57835865 0.11726714]
 [0.09601774 0.62845236 0.2755299 ]
 [0.08767823 0.60780282 0.30451895]
 [0.41318609 0.45945363 0.12736029]
 [0.114169   0.65669088 0.22914012]
 [0.08628979 0.62355646 0.29015375]
 [0.18041986 0.5876686  0.23191154]
 [0.23118075 0.6685525  0.10026675]
 [0.18821286 0.61839885 0.19338829]
 [0.49040935 0.34407961 0.16551104]
 [0.10981974 0.64215545 0.24802481]
 [0.13946173 0.54037913 0.32015914]
 [0.14380034 0.57727525 0.27892441]
 [0.0508877  0.63636964 0.31274266]
 [0.10619514 0.69009425 0.2037106 ]
 [0.52829762 0.41404674 0.05765564]
 [0.14666018 0.66369441 0.18964541]
 [0.12603334 0.7002362  0.17373046]
 [0.18314384 0.48583842 0.33101774]
 [0.15485839 0.58260227 0.26253934]
 [0.24301617 0.41685042 0.34013341]
 [0.17220966 0.47335355 0.35443679]
 [0.59653309 0.35926174 0.04420516]
 [0.27036029 0.4643977  0.26524201]
 [0.3047962  0.58260656 0.11259724]
 [0.14573692 0.44673286 0.40753022]
 [0.46868434 0.49431204 0.03700361]
 [0.11552069 0.5891842  0.2952951 ]
 [0.11392172 0.54854714 0.33753114]
 [0.37416716 0.55264861 0.07318422]
 [0.08924541 0.62877072 0.28198386]
 [0.31738229 0.58022943 0.10238828]
 [0.06765384 0.57653363 0.35581253]
 [0.64648395 0.34859939 0.00491665]
 [0.29850581 0.48063997 0.22085422]
 [0.15423644 0.55889055 0.28687301]
 [0.13141451 0.696871   0.17171449]
 [0.25269282 0.42914467 0.31816251]
 [0.11066599 0.60602716 0.28330686]
 [0.20460172 0.36199061 0.43340766]
 [0.22341657 0.35095725 0.42562618]
 [0.13186456 0.5564043  0.31173114]
 [0.39801498 0.55749872 0.0444863 ]
 [0.12354177 0.5296609  0.34679733]
 [0.57645041 0.30402134 0.11952825]
 [0.23538935 0.57998924 0.18462141]
 [0.31675612 0.58618289 0.09706099]
 [0.18117387 0.60997274 0.20885339]
 [0.14773704 0.57628783 0.27597513]
 [0.15633283 0.60171314 0.24195403]
 [0.1632069  0.56142347 0.27536963]
 [0.43593703 0.50384855 0.06021442]
 [0.45593528 0.39810953 0.14595519]
 [0.14788724 0.6388274  0.21328535]
 [0.09870168 0.60002014 0.30127818]
 [0.12046386 0.58693335 0.29260279]
 [0.48128344 0.40778085 0.11093571]
 [0.13839472 0.58948502 0.27212026]
 [0.12570206 0.60179166 0.27250628]
 [0.14085033 0.49356149 0.36558818]
 [0.41437536 0.50172645 0.08389818]
 [0.50401651 0.46739589 0.02858759]
 [0.25523786 0.4027717  0.34199044]
 [0.49099703 0.38173449 0.12726848]
 [0.60505026 0.31836218 0.07658756]
 [0.7062688  0.2380984  0.0556328 ]
 [0.56729644 0.35549761 0.07720595]
 [0.26946049 0.45531005 0.27522946]
 [0.15188901 0.58203429 0.2660767 ]
 [0.17713243 0.55363882 0.26922875]
 [0.5488637  0.39684768 0.05428863]
 [0.58178623 0.38273706 0.0354767 ]
 [0.20877241 0.60865193 0.18257566]
 [0.13928135 0.54087818 0.31984047]
 [0.28525217 0.58495723 0.1297906 ]
 [0.32781987 0.62576546 0.04641466]
 [0.38799291 0.57077036 0.04123674]
 [0.08472945 0.70668229 0.20858825]
 [0.48461668 0.4454847  0.06989862]
 [0.30548317 0.61233058 0.08218625]
 [0.14147985 0.62331754 0.23520261]
 [0.34322533 0.52803969 0.12873498]
 [0.16112426 0.61400243 0.22487331]
 [0.55330123 0.37035368 0.07634509]
 [0.72305864 0.25281266 0.0241287 ]
 [0.13422122 0.63475141 0.23102738]
 [0.15896396 0.58523385 0.25580218]
 [0.16429408 0.61019491 0.22551101]
 [0.51716213 0.45383007 0.0290078 ]
 [0.28233576 0.53060999 0.18705425]
 [0.20274097 0.5201026  0.27715643]
 [0.1142337  0.53782657 0.34793973]
 [0.12849313 0.55272787 0.318779  ]
 [0.09883804 0.58071867 0.32044329]
 [0.13136265 0.65231395 0.2163234 ]
 [0.08810493 0.67568759 0.23620747]
 [0.20215009 0.57867326 0.21917665]
 [0.23171198 0.57581671 0.19247131]
 [0.17557873 0.63186522 0.19255605]
 [0.49802521 0.42281952 0.07915527]
 [0.16474189 0.58268432 0.2525738 ]
 [0.54708834 0.39952135 0.05339031]
 [0.37019603 0.52882891 0.10097506]
 [0.21359774 0.5022645  0.28413776]
 [0.12081269 0.64583853 0.23334878]
 [0.09431677 0.61505058 0.29063266]
 [0.10755881 0.60674224 0.28569896]
 [0.23837896 0.62048757 0.14113347]
 [0.31394523 0.42665383 0.25940094]
 [0.15640168 0.66141399 0.18218434]
 [0.26544124 0.49919536 0.2353634 ]
 [0.22725762 0.52040397 0.25233841]
 [0.06094785 0.66064763 0.27840452]
 [0.16731361 0.60257449 0.2301119 ]
 [0.15364858 0.5603779  0.28597352]
 [0.10326606 0.543294   0.35343994]
 [0.59974425 0.36023541 0.04002034]
 [0.20601411 0.43301275 0.36097314]
 [0.19557389 0.61780585 0.18662026]
 [0.09814947 0.62188499 0.27996554]
 [0.10092116 0.63529894 0.2637799 ]
 [0.34082659 0.59099779 0.06817562]
 [0.49411725 0.42973929 0.07614346]
 [0.14792835 0.43672189 0.41534976]
 [0.43369156 0.46339864 0.1029098 ]
 [0.56090782 0.37182359 0.06726859]
 [0.0937155  0.52811038 0.37817412]
 [0.12975934 0.58495821 0.28528244]
 [0.34895653 0.47952174 0.17152172]
 [0.13206872 0.5548831  0.31304819]
 [0.14257802 0.55518576 0.30223622]]","['# of Families 10', '# of Households 10', '% ADA Diff', '% Age 20-24 Pop 10', '% Age 35-44 Pop 10', '% Age 85-Up Pop 10', '% Asian Diff', '% Asian Pop 10', '% Black Diff', '% Black Pop 10', '% County Infected 09/28/20', '% Female Pop 10', '% Free Lunch Diff', '% Grades 1-8 Diff', '% Grades 9-12 Diff', '% HH Male-Child 10', '% HH Married-noChild 10', '% Hispanic Diff', '% Kinder Diff', '% Male Pop 10', '% On Campus 01/29/21', '% On Campus 09/28/20', '% On Campus 10/30/20', '% Prek Diff', '% Reduced-price Lunch Diff', '% Tested Reading G3 Diff', '% Tested Reading G4 Diff', '% Tested Reading G5 Diff', '% Tested Reading G6 Diff', '% Tested Reading G7 Diff', '% Tested Reading G8 Diff', '% Title 1 School-wide Diff', '% White Diff', '% White Pop 10', 'ARP ESSER III 21', 'Avg Family Size 10', 'Avg Household Size 10', 'CARES ESSER I 20', 'CRRSA ESSER II 21', 'County Population', 'ESSER-SUPP 22', 'ESSER-SUPP 23', 'Employed Diff', 'Labor Force Diff', 'Locale_13-City: Small', 'Locale_31-Town: Fringe', 'Locale_32-Town: Distant', 'Locale_43-Rural: Remote', 'Median Age 10', 'Median Age Female 10', 'Median Age Male 10', 'Staff:Students Diff', 'Teachers:Students Diff', 'Total Schools Diff', 'Total Students Diff', 'Unemployed Level Diff', 'Unemployed Rate Diff']","LogisticRegression(C=0.01, max_iter=10000, multi_class='ovr', n_jobs=-1,
                   random_state=123, solver='newton-cg')",0.4375,"              precision    recall  f1-score   support

          -1       0.66      0.53      0.59        43
           0       0.58      0.86      0.69       102
           1       0.25      0.02      0.04        46

    accuracy                           0.59       191
   macro avg       0.50      0.47      0.44       191
weighted avg       0.52      0.59      0.51       191
"
13,RF,5 or more,27,"{'ccp_alpha': 0, 'criterion': 'gini', 'max_depth': None, 'max_leaf_nodes': None, 'max_samples': 0.1, 'min_samples_leaf': 5, 'n_estimators': 100}",0.5917122351332877,0.6151832460732984,0.5863874345549738,0.5012977002002881,0.5863874345549738,0.5211418996166917,0.2555119878058882,0.6721232080588918,"[[23 16  4]
 [ 9 88  5]
 [ 0 45  1]]","[-1  0  0  0  0 -1  0  1 -1  0  0  0  0 -1  0  0  0  0  0  0  1  0  0  0
  0 -1  0 -1  0  0 -1  0  0 -1  0  0 -1  0  0 -1  0  0  0  0  0  0  0  0
  1 -1  0  0 -1  0  0  0  1  0 -1  0  0  0  0  0  0  0  0  0 -1  0  0  0
  0  0  0 -1  0  0  0  0  0  1 -1  0  0  1  0  0  0  0  0  0  0  0  0  0
  0  0  0  1  0  0  0  0 -1  0  0  0  0  1  0 -1  0  0  0  0  0  0  0  0
 -1 -1  0 -1 -1 -1  0  0  0  0 -1 -1  0  0  0  0  0  0  0 -1  0  0  0  0
 -1  0  0  0  0  0  0  0  0  0  0  0  0  0  0 -1  0 -1  0  0  0  0  0  0
  0  0  0  0  1  0  0  0 -1  1  0  0  0 -1  0  0  0 -1  0  0  0  0  0]","[[0.58952273 0.27163167 0.1388456 ]
 [0.10615079 0.68029762 0.21355159]
 [0.40646825 0.52115873 0.07237302]
 [0.1276746  0.616      0.2563254 ]
 [0.11582937 0.6421627  0.24200794]
 [0.60078139 0.3057381  0.09348052]
 [0.07553968 0.63675397 0.28770635]
 [0.28038636 0.35980664 0.359807  ]
 [0.48228283 0.41620455 0.10151263]
 [0.08728211 0.60608442 0.30663348]
 [0.13262302 0.59738745 0.26998954]
 [0.0947132  0.65422944 0.25105736]
 [0.14211508 0.47565332 0.3822316 ]
 [0.54368615 0.37938095 0.0769329 ]
 [0.17243687 0.68632648 0.14123665]
 [0.36116595 0.4116039  0.22723016]
 [0.16060317 0.49026984 0.34912698]
 [0.13206349 0.72758189 0.14035462]
 [0.20845779 0.63456457 0.15697763]
 [0.10006746 0.59567857 0.30425397]
 [0.15503571 0.36650649 0.47845779]
 [0.25700685 0.62634452 0.11664863]
 [0.39357071 0.46066739 0.1457619 ]
 [0.10318651 0.71537698 0.18143651]
 [0.07251984 0.76355159 0.16392857]
 [0.65038095 0.27444841 0.07517063]
 [0.09653175 0.70597078 0.19749747]
 [0.59636869 0.33008333 0.07354798]
 [0.20456385 0.43894156 0.35649459]
 [0.2124246  0.45683189 0.33074351]
 [0.59570563 0.28774278 0.11655159]
 [0.18973773 0.68639683 0.12386544]
 [0.24245671 0.53810426 0.21943903]
 [0.48537626 0.33364358 0.18098016]
 [0.10499242 0.51861616 0.37639141]
 [0.17490079 0.52651984 0.29857937]
 [0.64572511 0.24964358 0.10463131]
 [0.15544084 0.49995743 0.34460173]
 [0.14011147 0.49682648 0.36306205]
 [0.5794127  0.34386111 0.07672619]
 [0.12579906 0.6381847  0.23601623]
 [0.20663889 0.4126811  0.38068001]
 [0.08165079 0.71812698 0.20022222]
 [0.11754906 0.6573355  0.22511544]
 [0.35618362 0.54374423 0.10007215]
 [0.19503968 0.47772619 0.32723413]
 [0.12244444 0.59297475 0.28458081]
 [0.10267605 0.60526407 0.29205988]
 [0.27730159 0.2983254  0.42437302]
 [0.47044769 0.33822294 0.19132937]
 [0.12647222 0.69027778 0.18325   ]
 [0.12982287 0.74258153 0.1275956 ]
 [0.67118651 0.25160714 0.07720635]
 [0.16787662 0.5897803  0.24234307]
 [0.1617702  0.49144156 0.34678824]
 [0.11325036 0.5893741  0.29737554]
 [0.21825036 0.35534235 0.42640729]
 [0.27773016 0.36952381 0.35274603]
 [0.51007828 0.36631025 0.12361147]
 [0.22899206 0.47448413 0.29652381]
 [0.24888492 0.5182619  0.23285317]
 [0.12124603 0.60824603 0.27050794]
 [0.1017619  0.58122078 0.31701732]
 [0.30713059 0.47787698 0.21499242]
 [0.10871429 0.71153968 0.17974603]
 [0.16273449 0.43245346 0.40481205]
 [0.10282937 0.78959921 0.10757143]
 [0.3046746  0.52366667 0.17165873]
 [0.45605664 0.41434235 0.12960101]
 [0.40638203 0.42980267 0.1638153 ]
 [0.07523016 0.7514881  0.17328175]
 [0.14109524 0.55185317 0.30705159]
 [0.23589827 0.46452489 0.29957684]
 [0.10490873 0.70766522 0.18742605]
 [0.12729365 0.5393254  0.33338095]
