,Model,Method,n Selected,best_params,Best Accuracy,Train Accuracy,Test Accuracy,Precision,Recall,F1,MCC,ROC,conf_mat,prediction,predict_proba,features,estimator,Train Time,classification_report
12,RF,4 or more,51,"{'ccp_alpha': 0, 'criterion': 'gini', 'max_depth': None, 'max_leaf_nodes': 10, 'max_samples': None, 'min_samples_leaf': 1, 'n_estimators': 50}",0.6451640464798359,0.68717277486911,0.643979057591623,0.7005386629077729,0.643979057591623,0.5743074243028634,0.3818393728043495,0.7638242371357555,"[[21 19  1]
 [ 5 98  0]
 [ 0 43  4]]","[ 0  0  0  0  0 -1  0  0  0  0  0  0  0 -1  0  0  0  0  0  0  0  0  0  0
  0  0  0  0  0  0 -1  0  0  0  0  0  0  0  0 -1  0  0  0  0  0  0 -1  0
  1  0  1  0 -1  0  0  0  0  0  0  0  0  0  0 -1  1  0  0 -1  0  0  0  0
  0  0 -1  0  0  0  0  0  0  0 -1  0  0  0  0 -1  0  0  0 -1  0  0 -1  0
  0  0  0  0 -1  0  0  0  0  0  0  0  0  0  0  0  0 -1  0  0  0  0  0  0
  0  0  0  0  0  0 -1  1 -1  0  0  0  0  0  0  0 -1  0  0  0  0  0  0  0
  0 -1  0  0 -1  0 -1  0  0  0  0  0  0 -1  0  0  0 -1  0 -1  0  0  0  0
  0  0  0  0  1  0 -1  0  0  0  0  0  0  0  0 -1  0  0  0  0  0  0  0]","[[0.12237536 0.55214821 0.32547644]
 [0.09211373 0.5294911  0.37839518]
 [0.23102328 0.46567903 0.30329769]
 [0.09183291 0.45819168 0.44997541]
 [0.08422615 0.47442798 0.44134587]
 [0.69908444 0.26858288 0.03233268]
 [0.08309522 0.73579149 0.18111329]
 [0.09005305 0.55474342 0.35520353]
 [0.11753855 0.76180785 0.1206536 ]
 [0.0774954  0.63724353 0.28526107]
 [0.08173836 0.50194097 0.41632067]
 [0.17555775 0.47219597 0.35224628]
 [0.14335635 0.4360788  0.42056484]
 [0.82368992 0.15675528 0.01955479]
 [0.09238789 0.45815131 0.4494608 ]
 [0.08999935 0.66360565 0.246395  ]
 [0.07859163 0.58183384 0.33957453]
 [0.07003442 0.59167998 0.3382856 ]
 [0.08671777 0.48588686 0.42739537]
 [0.10706951 0.51164252 0.38128797]
 [0.13783196 0.50298184 0.35918621]
 [0.12981052 0.76444314 0.10574635]
 [0.13180947 0.45235988 0.41583065]
 [0.07228392 0.66341574 0.26430035]
 [0.15135029 0.46202321 0.3866265 ]
 [0.099836   0.50244948 0.39771452]
 [0.09758447 0.50351939 0.39889614]
 [0.08448441 0.6439931  0.2715225 ]
 [0.2086168  0.56764287 0.22374033]
 [0.08459209 0.60183014 0.31357777]
 [0.70624233 0.2379536  0.05580407]
 [0.18949976 0.59980011 0.21070013]
 [0.14951833 0.6696741  0.18080757]
 [0.16071643 0.53281833 0.30646524]
 [0.17349359 0.45611637 0.37039004]
 [0.20824511 0.57993626 0.21181864]
 [0.07622256 0.65231677 0.27146067]
 [0.13477509 0.70811246 0.15711245]
 [0.08282093 0.79613184 0.12104723]
 [0.81075234 0.1707354  0.01851226]
 [0.07647454 0.58970561 0.33381985]
 [0.10602207 0.52729736 0.36668057]
 [0.19365643 0.43465109 0.37169247]
 [0.16917611 0.51175278 0.31907112]
 [0.34604574 0.52402659 0.12992767]
 [0.08635957 0.80000807 0.11363236]
 [0.52600579 0.39761228 0.07638193]
 [0.10697257 0.75012083 0.1429066 ]
 [0.19941912 0.32103057 0.47955031]
 [0.09442056 0.53997737 0.36560207]
 [0.2152089  0.3665449  0.4182462 ]
 [0.07181083 0.54730787 0.3808813 ]
 [0.75511032 0.21678638 0.0281033 ]
 [0.07736878 0.59981437 0.32281685]
 [0.08328551 0.60312723 0.31358726]
 [0.08983671 0.58790904 0.32225425]
 [0.39373084 0.53077153 0.07549763]
 [0.11322432 0.53844026 0.34833542]
 [0.30096492 0.61771184 0.08132324]
 [0.07750107 0.67328194 0.24921699]
 [0.06730346 0.5878328  0.34486374]
 [0.08521927 0.67166148 0.24311925]
 [0.09064683 0.5393848  0.36996838]
 [0.69174999 0.26762259 0.04062742]
 [0.13935894 0.39751084 0.46313022]
 [0.13517518 0.54248549 0.32233933]
 [0.07436197 0.57061197 0.35502606]
 [0.55784735 0.40027263 0.04188002]
 [0.27596672 0.59027585 0.13375743]
 [0.20104027 0.61243595 0.18652379]
 [0.28338499 0.50499819 0.21161683]
 [0.25628251 0.6509167  0.09280079]
 [0.09800251 0.6038001  0.29819739]
 [0.07080156 0.61506075 0.3141377 ]
 [0.76668768 0.20262196 0.03069036]
 [0.10802908 0.71390447 0.17806645]
 [0.08579095 0.59570955 0.3184995 ]
 [0.45457721 0.46445192 0.08097087]
 [0.09138611 0.55927025 0.34934364]
 [0.2132556  0.5958749  0.19086949]
 [0.08212071 0.77180979 0.1460695 ]
 [0.12412801 0.74092688 0.1349451 ]
 [0.82845681 0.15119401 0.02034917]
 [0.44799409 0.47364521 0.0783607 ]
 [0.08616826 0.68924856 0.22458318]
 [0.09048444 0.56516658 0.34434898]
 [0.10747428 0.61142008 0.28110564]
 [0.6800958  0.27330494 0.04659926]
 [0.08741055 0.5256435  0.38694595]
 [0.09361863 0.50478744 0.40159393]
 [0.08008038 0.62248828 0.29743134]
 [0.76423289 0.20690177 0.02886535]
 [0.16534232 0.69613568 0.138522  ]
 [0.11912803 0.59550975 0.28536221]
 [0.60282912 0.32217617 0.07499471]
 [0.08641966 0.67353623 0.24004411]
 [0.09204002 0.55545898 0.352501  ]
 [0.208653   0.61441259 0.17693441]
 [0.08372682 0.55358219 0.36269099]
 [0.09521501 0.65711676 0.24766823]
 [0.83161597 0.14801198 0.02037204]
 [0.08580208 0.57465428 0.33954364]
 [0.07419861 0.55240142 0.37339997]
 [0.14648828 0.59700789 0.25650383]
 [0.07975095 0.59729726 0.32295179]
 [0.08694088 0.69855702 0.2145021 ]
 [0.08452616 0.50838042 0.40709342]
 [0.33921436 0.59546658 0.06531906]
 [0.09810969 0.69814705 0.20374326]
 [0.23272884 0.68093183 0.08633933]
 [0.17800313 0.6855048  0.13649207]
 [0.08169934 0.51312333 0.40517733]
 [0.08504086 0.61789739 0.29706176]
 [0.75088535 0.21962305 0.02949161]
 [0.06929118 0.67437798 0.25633084]
 [0.19319231 0.43551543 0.37129225]
 [0.09482426 0.57011106 0.33506468]
 [0.0956481  0.50988619 0.39446571]
 [0.10808214 0.50186127 0.39005659]
 [0.10504405 0.71873395 0.17622199]
 [0.09567959 0.51831554 0.38600486]
 [0.11247545 0.73189237 0.15563218]
 [0.08567344 0.683807   0.23051956]
 [0.16362432 0.46491391 0.37146178]
 [0.07513552 0.61254311 0.31232137]
 [0.27153552 0.58912286 0.13934162]
 [0.47035389 0.43117048 0.09847563]
 [0.12566241 0.39634505 0.47799254]
 [0.60686756 0.32877761 0.06435483]
 [0.11283293 0.66306122 0.22410586]
 [0.08488568 0.50461711 0.41049722]
 [0.14942534 0.54912815 0.30144651]
 [0.27495877 0.58259496 0.14244628]
 [0.44228667 0.47969791 0.07801542]
 [0.16578601 0.49485232 0.33936167]
 [0.17475502 0.4317776  0.39346737]
 [0.78837416 0.17536123 0.0362646 ]
 [0.09728875 0.65740928 0.24530197]
 [0.08588508 0.54790656 0.36620836]
 [0.06977517 0.71834744 0.21187739]
 [0.12334076 0.50402038 0.37263886]
 [0.43835027 0.50871187 0.05293785]
 [0.15829514 0.59325889 0.24844597]
 [0.08577228 0.69030837 0.22391935]
 [0.10740807 0.57960533 0.3129866 ]
 [0.68105019 0.2820017  0.03694811]
 [0.36800106 0.50473586 0.12726308]
 [0.17828524 0.41815814 0.40355662]
 [0.7874724  0.18397761 0.02855   ]
 [0.07551797 0.64794831 0.27653371]
 [0.44298504 0.34959269 0.20742227]
 [0.08258026 0.58571885 0.33170088]
 [0.10856479 0.76611256 0.12532265]
 [0.11692639 0.51874396 0.36432965]
 [0.0972791  0.56981941 0.33290149]
 [0.11934439 0.4921587  0.38849691]
 [0.09322216 0.5497185  0.35705934]
 [0.80919327 0.16465213 0.0261546 ]
 [0.07632833 0.6359056  0.28776608]
 [0.09223698 0.57562712 0.3321359 ]
 [0.27075527 0.63083949 0.09840525]
 [0.47379236 0.3678667  0.15834093]
 [0.09337598 0.51993072 0.3866933 ]
 [0.44993748 0.43690251 0.11316001]
 [0.08272493 0.72245905 0.19481602]
 [0.09811823 0.53814757 0.3637342 ]
 [0.0969899  0.71825317 0.18475693]
 [0.09191386 0.61603624 0.2920499 ]
 [0.08563584 0.53500813 0.37935602]
 [0.07603948 0.66742358 0.25653694]
 [0.19054808 0.44713971 0.36231221]
 [0.1707412  0.42602093 0.40323787]
 [0.12702688 0.43519063 0.43778249]
 [0.07049203 0.65505543 0.27445253]
 [0.57368368 0.35381261 0.07250371]
 [0.08478733 0.56050634 0.35470633]
 [0.09732839 0.51067541 0.3919962 ]
 [0.08494924 0.65283394 0.26221682]
 [0.17482788 0.43517178 0.39000035]
 [0.07441624 0.6884994  0.23708436]
 [0.08813642 0.53393767 0.37792591]
 [0.10040288 0.64060912 0.258988  ]
 [0.1062725  0.50282059 0.3909069 ]
 [0.78727328 0.17468099 0.03804574]
 [0.22261621 0.53306489 0.24431891]
 [0.10640555 0.56302999 0.33056446]
 [0.07914543 0.71232907 0.20852549]
 [0.27999775 0.58391022 0.13609203]
 [0.09408269 0.72750696 0.17841034]
 [0.08608933 0.61363829 0.30027238]
 [0.09961882 0.50713955 0.39324162]]","['# of Families 10', '# of Households 10', '# of Housing Units 10', '% ADA Diff', '% Age 15-19 Pop 10', '% Age 25-34 Pop 10', '% Age 5-9 Pop 10', '% Age 75-84 Pop 10', '% Asian Diff', '% Asian Pop 10', '% Black Diff', '% Black Pop 10', '% County Infected 09/28/20', '% County Infected 10/30/20', '% Grades 1-8 Diff', '% Grades 9-12 Diff', '% HH Female-Child 10', '% HH Married-noChild 10', '% Hispanic Diff', '% Housing Renter Occup 10', '% Kinder Diff', '% On Campus 01/29/21', '% On Campus 09/28/20', '% On Campus 10/30/20', '% Prek Diff', '% Reduced-price Lunch Diff', '% Tested Math G3 Diff', '% Tested Math G4 Diff', '% Tested Math G5 Diff', '% Tested Math G6 Diff', '% Tested Math G7 Diff', '% Tested Math G8 Diff', '% White Diff', 'ARP ESSER III 21', 'Avg Family Size 10', 'Avg Household Size 10', 'CARES ESSER I 20', 'CRRSA ESSER II 21', 'County Population', 'ESSER-SUPP 22', 'Labor Force Diff', 'Locale_12-City: Mid-size', 'Locale_42-Rural: Distant', 'Median Age 10', 'Median Age Female 10', 'Median Age Male 10', 'Staff:Students Diff', 'Teachers:Students Diff', 'Total Schools Diff', 'Total Students Diff', 'Unemployed Level Diff']","RandomForestClassifier(ccp_alpha=0, max_leaf_nodes=10, n_estimators=50,
                       n_jobs=-1, random_state=123)",22.0625,"              precision    recall  f1-score   support

          -1       0.81      0.51      0.63        41
           0       0.61      0.95      0.75       103
           1       0.80      0.09      0.15        47

    accuracy                           0.64       191
   macro avg       0.74      0.52      0.51       191
weighted avg       0.70      0.64      0.57       191
"
3,Ridge,No Reduction,90,"{'C': 0.01, 'solver': 'newton-cg'}",0.6215823650034176,0.6596858638743456,0.6387434554973822,0.6589359905421381,0.6387434554973822,0.5880771484962363,0.3626163859283107,0.7070266804167327,"[[22 19  0]
 [ 7 93  3]
 [ 2 38  7]]","[ 0  0  0  1  0 -1  0  0  0  0  0  0  0 -1  0  0  0  0  1  0  0  0  0  0
  0  0  0  0  0  0 -1  0  0 -1  0  0  0  0  0 -1  0  0  0  0  0  0 -1  0
  1  1  1  0 -1  0  0  0 -1  0  0  0  0  0  0 -1  0  0  0 -1 -1  0  0  0
  0  0 -1  0  0 -1  0  0  0  0 -1  0  0  0  0 -1  0  0  0 -1  0  0 -1  0
  0  0  0  0 -1  0  0  0  0  0  0 -1  0  0  0  0  0 -1  0  0  0  0  0  0
  1  0  0  0  0  0 -1  0  0  0  0  0  0  0  0  0 -1  0  0  0  0  0  0  0
  0 -1  0  0 -1  0 -1  0  0  0  0  0  0 -1  0  0  0 -1  0  0  0  0  0  0
  1  0 -1  1  0  0 -1  1  0  0  1  0  0  0  0 -1 -1  0  0  0  0  0  0]","[[0.20324705 0.54421704 0.25253591]
 [0.1076837  0.45844058 0.43387572]
 [0.26824993 0.4267601  0.30498997]
 [0.08081614 0.42838609 0.49079777]
 [0.10408422 0.47559349 0.42032229]
 [0.56315599 0.41263126 0.02421275]
 [0.07103064 0.60586427 0.32310509]
 [0.09208862 0.63517164 0.27273974]
 [0.27032402 0.62952992 0.10014606]
 [0.0696079  0.64832004 0.28207206]
 [0.04910134 0.59611387 0.35478479]
 [0.23156749 0.54228805 0.22614446]
 [0.12620941 0.44232913 0.43146146]
 [0.54282397 0.42543206 0.03174397]
 [0.12007436 0.53777909 0.34214654]
 [0.13190101 0.53038184 0.33771715]
 [0.12230348 0.54184141 0.33585511]
 [0.07569665 0.51570483 0.40859852]
 [0.17385946 0.28263535 0.54350519]
 [0.13428372 0.58832361 0.27739266]
 [0.03237335 0.60209383 0.36553282]
 [0.14826759 0.77887112 0.0728613 ]
 [0.21626083 0.44953136 0.33420781]
 [0.08776482 0.68641984 0.22581534]
 [0.12999446 0.5228009  0.34720463]
 [0.11763704 0.51466799 0.36769496]
 [0.09380213 0.49066358 0.41553429]
 [0.07117865 0.68251529 0.24630606]
 [0.19154215 0.67338298 0.13507486]
 [0.08421036 0.46118976 0.45459988]
 [0.73131031 0.22140086 0.04728883]
 [0.20889106 0.51474264 0.2763663 ]
 [0.14550059 0.6725367  0.18196271]
 [0.75349503 0.06886256 0.17764241]
 [0.16032058 0.47681408 0.36286535]
 [0.3280179  0.48823457 0.18374753]
 [0.0615825  0.64189182 0.29652568]
 [0.14618615 0.63097315 0.2228407 ]
 [0.21326272 0.51831634 0.26842094]
 [0.84549446 0.13036457 0.02414098]
 [0.07415768 0.54865814 0.37718419]
 [0.13346977 0.50723554 0.35929469]
 [0.20508429 0.54422837 0.25068735]
 [0.11953683 0.45303666 0.42742651]
 [0.23910795 0.62529543 0.13559662]
 [0.2196558  0.63066847 0.14967572]
 [0.55293494 0.41105864 0.03600642]
 [0.19735363 0.65419291 0.14845346]
 [0.17331691 0.31243308 0.51425001]
 [0.02014853 0.42631006 0.5535414 ]
 [0.10268552 0.39434389 0.50297059]
 [0.09349804 0.49949951 0.40700245]
 [0.69083567 0.25954831 0.04961603]
 [0.06606664 0.54068633 0.39324703]
 [0.06487157 0.59979327 0.33533515]
 [0.11451048 0.60681107 0.27867845]
 [0.47823833 0.45747724 0.06428443]
 [0.09128533 0.67360487 0.23510981]
 [0.17344157 0.65623445 0.17032398]
 [0.08881206 0.58897861 0.32220933]
 [0.04267598 0.67533394 0.28199008]
 [0.07318184 0.55597888 0.37083929]
 [0.05667069 0.52078703 0.42254228]
 [0.6483817  0.33239729 0.019221  ]
 [0.10311571 0.49386721 0.40301708]
 [0.08172196 0.5408105  0.37746754]
 [0.07224306 0.55596845 0.37178849]
 [0.6377763  0.34109289 0.02113081]
 [0.42341564 0.38751511 0.18906925]
 [0.20783319 0.61947391 0.1726929 ]
 [0.09874124 0.84659923 0.05465953]
 [0.33667092 0.47718866 0.18614042]
 [0.10999807 0.48178615 0.40821578]
 [0.09387841 0.53029142 0.37583016]
 [0.59918189 0.37981724 0.02100087]
 [0.14377136 0.65439369 0.20183495]
 [0.06218108 0.68442221 0.25339671]
 [0.5179892  0.37538897 0.10662182]
 [0.06385671 0.54977824 0.38636505]
 [0.18504503 0.59444488 0.22051009]
 [0.09666516 0.63858524 0.26474961]
 [0.34324852 0.53282629 0.12392519]
 [0.79723455 0.19131253 0.01145292]
 [0.39690582 0.55766549 0.0454287 ]
 [0.09538124 0.69149447 0.21312429]
 [0.08605496 0.57229525 0.3416498 ]
 [0.08621793 0.6307577  0.28302437]
 [0.6392325  0.34008484 0.02068266]
 [0.03894651 0.67076933 0.29028416]
 [0.06109996 0.50651568 0.43238435]
 [0.11676733 0.48188361 0.40134905]
 [0.64313917 0.3122793  0.04458153]
 [0.16492198 0.71728774 0.11779028]
 [0.12152675 0.50720989 0.37126335]
 [0.53820306 0.39926997 0.06252698]
 [0.0419439  0.83281219 0.12524391]
 [0.08698408 0.61045273 0.30256319]
 [0.3566238  0.40746765 0.23590855]
 [0.0972789  0.6067227  0.2959984 ]
 [0.15615626 0.61601311 0.22783063]
 [0.81608138 0.16182083 0.0220978 ]
 [0.08431675 0.57951938 0.33616387]
 [0.08883142 0.62044669 0.29072189]
 [0.16108558 0.56122244 0.27769198]
 [0.15551529 0.5402218  0.30426292]
 [0.07563396 0.72928881 0.19507723]
 [0.08173843 0.46935848 0.44890309]
 [0.51771059 0.45092641 0.031363  ]
 [0.10305037 0.5885022  0.30844743]
 [0.32913872 0.61103734 0.05982394]
 [0.16398773 0.65135618 0.1846561 ]
 [0.05237596 0.5323956  0.41522845]
 [0.11391497 0.61123418 0.27485085]
 [0.63966962 0.33692098 0.0234094 ]
 [0.08995299 0.55975411 0.3502929 ]
 [0.11005874 0.46778965 0.42215161]
 [0.06395421 0.66831519 0.2677306 ]
 [0.06028925 0.51655626 0.42315449]
 [0.07864935 0.77341366 0.14793699]
 [0.12868427 0.53958186 0.33173387]
 [0.07646552 0.39718161 0.52635287]
 [0.11418884 0.58837301 0.29743815]
 [0.16458793 0.55221661 0.28319546]
 [0.13692227 0.50756534 0.35551239]
 [0.10552172 0.58759268 0.3068856 ]
 [0.29819188 0.49157169 0.21023643]
 [0.66828744 0.28554377 0.04616878]
 [0.15478635 0.55127533 0.29393832]
 [0.39183715 0.55729766 0.05086518]
 [0.12661511 0.65421726 0.21916762]
 [0.04288462 0.63320962 0.32390576]
 [0.13990611 0.55515245 0.30494144]
 [0.30877011 0.62045436 0.07077552]
 [0.34592805 0.52072172 0.13335023]
 [0.32795735 0.37271357 0.29932908]
 [0.21810452 0.4410399  0.34085559]
 [0.61527671 0.34968626 0.03503703]
 [0.13016041 0.56664718 0.30319241]
 [0.07840009 0.59509162 0.32650829]
 [0.06461261 0.49820194 0.43718546]
 [0.13448819 0.53911121 0.3264006 ]
 [0.42556533 0.54225687 0.0321778 ]
 [0.05029891 0.67763094 0.27207016]
 [0.11176977 0.56086936 0.32736087]
 [0.08835773 0.58394316 0.32769911]
 [0.76622775 0.20891144 0.02486081]
 [0.37801789 0.51573332 0.10624879]
 [0.11728403 0.51045856 0.37225741]
 [0.55878634 0.40015363 0.04106002]
 [0.08620461 0.63298345 0.28081194]
 [0.67620571 0.17050044 0.15329384]
 [0.09276135 0.45888948 0.44834917]
 [0.09172206 0.78942275 0.11885519]
 [0.14791985 0.45522062 0.39685953]
 [0.08030907 0.63294901 0.28674192]
 [0.07764001 0.5314055  0.39095449]
 [0.11152027 0.61651826 0.27196147]
 [0.69057285 0.26658405 0.0428431 ]
 [0.08498948 0.63946169 0.27554883]
 [0.10562599 0.50072115 0.39365286]
 [0.34379449 0.58060904 0.07559646]
 [0.56793479 0.34116392 0.0909013 ]
 [0.08752275 0.62170595 0.2907713 ]
 [0.35562281 0.53161588 0.11276131]
 [0.09810205 0.66556261 0.23633534]
 [0.09458358 0.7037172  0.20169922]
 [0.1139731  0.68464888 0.20137802]
 [0.11954786 0.60743171 0.27302043]
 [0.05770777 0.47113591 0.47115632]
 [0.07159496 0.67558949 0.25281555]
 [0.35879878 0.35505568 0.28614554]
 [0.08055187 0.45547076 0.46397737]
 [0.07829278 0.47918684 0.44252038]
 [0.0523114  0.61506708 0.33262152]
 [0.79972386 0.1657874  0.03448874]
 [0.06230026 0.38217814 0.5555216 ]
 [0.09596945 0.5609076  0.34312295]
 [0.10513476 0.5203864  0.37447885]
 [0.15629077 0.38127671 0.46243251]
 [0.08122141 0.622883   0.29589559]
 [0.0989851  0.60918621 0.29182869]
 [0.09274789 0.69574423 0.21150788]
 [0.09747805 0.52585181 0.37667014]
 [0.77021577 0.21148403 0.0183002 ]
 [0.51512813 0.32999322 0.15487865]
 [0.09985601 0.64888775 0.25125623]
 [0.08473552 0.62607291 0.28919158]
 [0.17608364 0.77344906 0.05046731]
 [0.20528574 0.58416012 0.21055414]
 [0.09740702 0.50744065 0.39515233]
 [0.04580451 0.60799684 0.34619865]]","Index(['Labor Force Diff', 'Employed Diff', 'Unemployed Level Diff',
       'Unemployed Rate Diff', 'Median Age 10', 'Median Age Male 10',
       'Median Age Female 10', '# of Households 10', 'Avg Household Size 10',
       '# of Families 10', 'Avg Family Size 10', '# of Housing Units 10',
       'County Population', 'CARES ESSER I 20', 'CRRSA ESSER II 21',
       'ARP ESSER III 21', 'ESSER-SUPP 22', 'ESSER-SUPP 23',
       '% County Infected 09/28/20', '% County Deaths 09/28/20',
       '% County Infected 10/30/20', '% County Deaths 10/30/20',
       '% County Infected 01/29/21', '% County Deaths 01/29/21',
       '% On Campus 09/28/20', '% On Campus 10/30/20', '% On Campus 01/29/21',
       '% White Pop 10', '% Black Pop 10', '% Asian Pop 10',
       '% Hispanic Pop 10', '% Male Pop 10', '% Female Pop 10',
       '% Age 0-4 Pop 10', '% Age 5-9 Pop 10', '% Age 10-14 Pop 10',
       '% Age 15-19 Pop 10', '% Age 20-24 Pop 10', '% Age 25-34 Pop 10',
       '% Age 35-44 Pop 10', '% Age 45-54 Pop 10', '% Age 55-64 Pop 10',
       '% Age 65-74 Pop 10', '% Age 75-84 Pop 10', '% Age 85-Up Pop 10',
       '% HH 1 Male 10', '% HH 1 Female 10', '% HH Married-Child 10',
       '% HH Married-noChild 10', '% HH Male-Child 10', '% HH Female-Child 10',
       '% Housing Vacant 10', '% Housing Owner Occup 10',
       '% Housing Renter Occup 10', 'Total Schools Diff',
       'Total Students Diff', '% Operational Schools Diff',
       '% Title 1 School-wide Diff', '% Title 1 Eligible Diff',
       'Teachers:Students Diff', 'Staff:Students Diff', '% Free Lunch Diff',
       '% Reduced-price Lunch Diff', '% Asian Diff', '% Hispanic Diff',
       '% Black Diff', '% White Diff', '% Grades 1-8 Diff',
       '% Grades 9-12 Diff', '% Prek Diff', '% Kinder Diff', '% ADA Diff',
       '% Tested Math G3 Diff', '% Tested Math G4 Diff',
       '% Tested Math G5 Diff', '% Tested Math G6 Diff',
       '% Tested Math G7 Diff', '% Tested Math G8 Diff',
       'Locale_11-City: Large', 'Locale_12-City: Mid-size',
       'Locale_13-City: Small', 'Locale_21-Suburb: Large',
       'Locale_22-Suburb: Mid-size', 'Locale_23-Suburb: Small',
       'Locale_31-Town: Fringe', 'Locale_32-Town: Distant',
       'Locale_33-Town: Remote', 'Locale_41-Rural: Fringe',
       'Locale_42-Rural: Distant', 'Locale_43-Rural: Remote'],
      dtype='object')","LogisticRegression(C=0.01, max_iter=10000, multi_class='ovr', n_jobs=10,
                   random_state=123, solver='newton-cg')",0.375,"              precision    recall  f1-score   support

          -1       0.71      0.54      0.61        41
           0       0.62      0.90      0.74       103
           1       0.70      0.15      0.25        47

    accuracy                           0.64       191
   macro avg       0.68      0.53      0.53       191
weighted avg       0.66      0.64      0.59       191
"
15,RF,No Reduction,90,"{'ccp_alpha': 0, 'criterion': 'gini', 'max_depth': 6, 'max_leaf_nodes': 31, 'max_samples': None, 'min_samples_leaf': 5, 'n_estimators': 100}",0.6386021872863978,0.7447643979057592,0.6335078534031413,0.6730895697210031,0.6335078534031413,0.5708539506948843,0.3536852846725275,0.7659158337299699,"[[20 21  0]
 [ 5 96  2]
 [ 0 42  5]]","[ 0  0  0  0  0 -1  0  0  0  0  0  0  0 -1  0  0  0  0  0  0  0  0  1  0
  0  0  0  0  0  0 -1  0  0  0  0  0  0  0  0 -1  0  0  0  0  0  0 -1  0
  1  0  1  0 -1  0  0  0  0  0  0  0  0  0  0 -1  1  0  0 -1  0  0  0  0
  0  0 -1  0  0  0  0  0  0  0 -1  0  0  0  0 -1  0  0  0 -1  0  0 -1  0
  0  0  0  0 -1  0  0  0  0  0  0  0  0  0  0  0  0 -1  0  0  0  0  0  0
  0  0  0  0  0  0 -1  0 -1  0  0  0  0  0  0  0 -1  0  0  0  0  0  0  0
  0 -1  0  1 -1  0 -1  0  0  0  0  0  0 -1  0  0  0 -1  0  0  0  0  0  0
  0  0  0  0  1  0 -1  0  0  0  1  0  0  0  0 -1  0  0  0  0  0  0  0]","[[0.196799   0.53545886 0.26774214]
 [0.08857931 0.59739346 0.31402723]
 [0.1918821  0.4873312  0.3207867 ]
 [0.11518923 0.44646963 0.43834114]
 [0.08751379 0.49157951 0.4209067 ]
 [0.74681783 0.22581735 0.02736483]
 [0.06787259 0.72016367 0.21196374]
 [0.09837135 0.5518439  0.34978476]
 [0.07689672 0.84203625 0.08106703]
 [0.06328991 0.66072627 0.27598381]
 [0.07898224 0.49413185 0.42688592]
 [0.18864522 0.47011435 0.34124044]
 [0.1135848  0.46233841 0.42407679]
 [0.82400083 0.17213899 0.00386018]
 [0.14151657 0.45918225 0.39930119]
 [0.11258978 0.64737183 0.24003839]
 [0.05511397 0.63181904 0.313067  ]
 [0.08822231 0.49356389 0.4182138 ]
 [0.11140678 0.53474639 0.35384683]
 [0.10033196 0.5207117  0.37895634]
 [0.17913629 0.43961365 0.38125006]
 [0.13409615 0.74222801 0.12367584]
 [0.11428287 0.40009036 0.48562677]
 [0.07617935 0.70299505 0.2208256 ]
 [0.15459218 0.43466364 0.41074418]
 [0.10285686 0.48569539 0.41144776]
 [0.11322858 0.49381313 0.3929583 ]
 [0.07835775 0.60509356 0.31654868]
 [0.2489153  0.47924503 0.27183967]
 [0.06658378 0.535236   0.39818022]
 [0.55946687 0.41826407 0.02226906]
 [0.24198478 0.54703127 0.21098395]
 [0.2128298  0.65730487 0.12986533]
 [0.15939252 0.54501301 0.29559447]
 [0.14191329 0.4912103  0.36687641]
 [0.19424593 0.54329565 0.26245842]
 [0.06927479 0.69595649 0.23476872]
 [0.12375978 0.69374504 0.18249518]
 [0.0728994  0.79314686 0.13395374]
 [0.92512126 0.07207015 0.00280859]
 [0.07290649 0.56168793 0.36540558]
 [0.0968395  0.54999514 0.35316536]
 [0.13695135 0.49257287 0.37047579]
 [0.11662293 0.54573123 0.33764584]
 [0.34837331 0.55177231 0.09985437]
 [0.05600405 0.86072637 0.08326958]
 [0.47501151 0.4469598  0.07802869]
 [0.07392962 0.76560234 0.16046803]
 [0.18591491 0.33418918 0.47989591]
 [0.13673441 0.49207426 0.37119133]
 [0.16276348 0.38419359 0.45304293]
 [0.09054252 0.52280618 0.3866513 ]
 [0.82798197 0.12611415 0.04590388]
 [0.06826376 0.60227332 0.32946292]
 [0.07302979 0.5847     0.34227021]
 [0.09649724 0.59201085 0.31149191]
 [0.35564666 0.58697451 0.05737883]
 [0.10382123 0.60936872 0.28681005]
 [0.25464273 0.66873467 0.0766226 ]
 [0.09704384 0.65567029 0.24728586]
 [0.06235288 0.50390925 0.43373787]
 [0.07886327 0.59689617 0.32424056]
 [0.08861478 0.56724004 0.34414518]
 [0.72137499 0.22414371 0.05448131]
 [0.1406711  0.39158408 0.46774482]
 [0.11252473 0.48612534 0.40134992]
 [0.08205492 0.5212495  0.39669558]
 [0.62322753 0.35751421 0.01925826]
 [0.2876523  0.5711454  0.14120229]
 [0.16572378 0.62712354 0.20715268]
 [0.24225417 0.54586687 0.21187897]
 [0.19816512 0.73945423 0.06238065]
 [0.10194053 0.64289248 0.25516699]
 [0.07805211 0.5729002  0.34904769]
 [0.7445658  0.20522654 0.05020766]
 [0.0830468  0.73258827 0.18436494]
 [0.08780993 0.57399102 0.33819905]
 [0.36425219 0.55214153 0.08360627]
 [0.12895928 0.5515627  0.31947801]
 [0.1666344  0.61832652 0.21503907]
 [0.08147881 0.77299762 0.14552356]
 [0.11085725 0.77423761 0.11490514]
 [0.94246101 0.04934757 0.00819143]
 [0.35447891 0.54571285 0.09980824]
 [0.07801048 0.69690824 0.22508128]
 [0.1057135  0.5403162  0.35397031]
 [0.10124146 0.564491   0.33426754]
 [0.59146217 0.35746956 0.05106827]
 [0.11420721 0.51255998 0.37323282]
 [0.0760882  0.47829824 0.44561356]
 [0.07796795 0.61378273 0.30824932]
 [0.79344698 0.17420708 0.03234594]
 [0.18188631 0.70422784 0.11388584]
 [0.11539424 0.58357644 0.30102932]
 [0.54144217 0.39151235 0.06704548]
 [0.05748394 0.75965753 0.18285853]
 [0.11064975 0.51692287 0.37242738]
 [0.25036817 0.59958312 0.15004871]
 [0.08856029 0.62156791 0.2898718 ]
 [0.09287131 0.66395048 0.24317821]
 [0.93302429 0.0647834  0.00219231]
 [0.13110584 0.54200084 0.32689332]
 [0.07292147 0.56069545 0.36638307]
 [0.1036722  0.6467259  0.24960189]
 [0.14264485 0.51411338 0.34324176]
 [0.08203168 0.67312296 0.24484536]
 [0.08046909 0.51940981 0.40012111]
 [0.25233317 0.7033181  0.04434874]
 [0.0786162  0.68142894 0.23995486]
 [0.19726667 0.75997494 0.04275839]
 [0.19440372 0.60932787 0.19626841]
 [0.07676316 0.56469782 0.35853903]
 [0.07732146 0.62937455 0.29330399]
 [0.80634467 0.16527812 0.02837722]
 [0.06115721 0.66657959 0.2722632 ]
 [0.15053782 0.49180288 0.3576593 ]
 [0.09622106 0.58793054 0.31584839]
 [0.1019556  0.51157064 0.38647376]
 [0.09694432 0.50476979 0.39828589]
 [0.13009474 0.66764082 0.20226444]
 [0.06888659 0.51969407 0.41141934]
 [0.06990014 0.75335939 0.17674047]
 [0.07032093 0.67024117 0.2594379 ]
 [0.1972786  0.4372372  0.36548419]
 [0.10800575 0.60339152 0.28860273]
 [0.22497739 0.64159381 0.1334288 ]
 [0.54739628 0.37110611 0.08149761]
 [0.13967528 0.44442362 0.4159011 ]
 [0.57941229 0.34922614 0.07136157]
 [0.07635578 0.72848251 0.19516171]
 [0.09299147 0.52133963 0.3856689 ]
 [0.09979746 0.56403767 0.33616486]
 [0.22876927 0.56757847 0.20365226]
 [0.43875647 0.48917313 0.0720704 ]
 [0.16883091 0.50934124 0.32182785]
 [0.14723983 0.44696938 0.40579079]
 [0.84958353 0.1266187  0.02379777]
 [0.12001995 0.60084196 0.27913809]
 [0.09337908 0.55362617 0.35299474]
 [0.05192251 0.66852459 0.2795529 ]
 [0.11973034 0.5450316  0.33523806]
 [0.38260841 0.57605188 0.04133971]
 [0.15804395 0.57031825 0.2716378 ]
 [0.08285689 0.69811666 0.21902645]
 [0.07578566 0.60275679 0.32145754]
 [0.72937897 0.23404527 0.03657575]
 [0.4146457  0.41977949 0.16557481]
 [0.15391919 0.39582896 0.45025185]
 [0.87156638 0.11917904 0.00925458]
 [0.08686541 0.65296466 0.26016993]
 [0.42396052 0.34298521 0.23305427]
 [0.09144189 0.55933423 0.34922388]
 [0.13073682 0.74540197 0.1238612 ]
 [0.13604387 0.56223307 0.30172306]
 [0.08191044 0.58316883 0.33492073]
 [0.10614969 0.47963693 0.41421338]
 [0.08550827 0.57403703 0.3404547 ]
 [0.89390214 0.07105637 0.03504149]
 [0.07855363 0.63385168 0.2875947 ]
 [0.09240294 0.55510012 0.35249694]
 [0.30215825 0.6268544  0.07098734]
 [0.5081188  0.35964941 0.13223179]
 [0.1308292  0.52602661 0.34314419]
 [0.40835451 0.48268647 0.10895901]
 [0.07536714 0.69457297 0.23005989]
 [0.1146758  0.57274674 0.31257746]
 [0.15718406 0.66522861 0.17758733]
 [0.0941568  0.57889126 0.32695193]
 [0.09082619 0.52071703 0.38845678]
 [0.07392571 0.67998453 0.24608976]
 [0.21660412 0.45805546 0.32534042]
 [0.17178857 0.42866991 0.39954151]
 [0.1049505  0.38863998 0.50640952]
 [0.06600291 0.57820093 0.35579616]
 [0.68641658 0.25094022 0.0626432 ]
 [0.06845799 0.52693636 0.40460565]
 [0.1538231  0.48428895 0.36188795]
 [0.07983046 0.6469864  0.27318314]
 [0.20906226 0.38933007 0.40160766]
 [0.0685752  0.67893279 0.25249201]
 [0.08274663 0.5495992  0.36765417]
 [0.07955331 0.64041498 0.28003172]
 [0.12327277 0.49102267 0.38570456]
 [0.76167171 0.22579211 0.01253618]
 [0.20680794 0.54043728 0.25275478]
 [0.14477141 0.55387506 0.30135353]
 [0.06260437 0.74341382 0.19398181]
 [0.22470683 0.65089068 0.12440249]
 [0.10909787 0.70568552 0.18521661]
 [0.07898953 0.5921083  0.32890216]
 [0.1069204  0.47572553 0.41735407]]","Index(['Labor Force Diff', 'Employed Diff', 'Unemployed Level Diff',
       'Unemployed Rate Diff', 'Median Age 10', 'Median Age Male 10',
       'Median Age Female 10', '# of Households 10', 'Avg Household Size 10',
       '# of Families 10', 'Avg Family Size 10', '# of Housing Units 10',
       'County Population', 'CARES ESSER I 20', 'CRRSA ESSER II 21',
       'ARP ESSER III 21', 'ESSER-SUPP 22', 'ESSER-SUPP 23',
       '% County Infected 09/28/20', '% County Deaths 09/28/20',
       '% County Infected 10/30/20', '% County Deaths 10/30/20',
       '% County Infected 01/29/21', '% County Deaths 01/29/21',
       '% On Campus 09/28/20', '% On Campus 10/30/20', '% On Campus 01/29/21',
       '% White Pop 10', '% Black Pop 10', '% Asian Pop 10',
       '% Hispanic Pop 10', '% Male Pop 10', '% Female Pop 10',
       '% Age 0-4 Pop 10', '% Age 5-9 Pop 10', '% Age 10-14 Pop 10',
       '% Age 15-19 Pop 10', '% Age 20-24 Pop 10', '% Age 25-34 Pop 10',
       '% Age 35-44 Pop 10', '% Age 45-54 Pop 10', '% Age 55-64 Pop 10',
       '% Age 65-74 Pop 10', '% Age 75-84 Pop 10', '% Age 85-Up Pop 10',
       '% HH 1 Male 10', '% HH 1 Female 10', '% HH Married-Child 10',
       '% HH Married-noChild 10', '% HH Male-Child 10', '% HH Female-Child 10',
       '% Housing Vacant 10', '% Housing Owner Occup 10',
       '% Housing Renter Occup 10', 'Total Schools Diff',
       'Total Students Diff', '% Operational Schools Diff',
       '% Title 1 School-wide Diff', '% Title 1 Eligible Diff',
       'Teachers:Students Diff', 'Staff:Students Diff', '% Free Lunch Diff',
       '% Reduced-price Lunch Diff', '% Asian Diff', '% Hispanic Diff',
       '% Black Diff', '% White Diff', '% Grades 1-8 Diff',
       '% Grades 9-12 Diff', '% Prek Diff', '% Kinder Diff', '% ADA Diff',
       '% Tested Math G3 Diff', '% Tested Math G4 Diff',
       '% Tested Math G5 Diff', '% Tested Math G6 Diff',
       '% Tested Math G7 Diff', '% Tested Math G8 Diff',
       'Locale_11-City: Large', 'Locale_12-City: Mid-size',
       'Locale_13-City: Small', 'Locale_21-Suburb: Large',
       'Locale_22-Suburb: Mid-size', 'Locale_23-Suburb: Small',
       'Locale_31-Town: Fringe', 'Locale_32-Town: Distant',
       'Locale_33-Town: Remote', 'Locale_41-Rural: Fringe',
       'Locale_42-Rural: Distant', 'Locale_43-Rural: Remote'],
      dtype='object')","RandomForestClassifier(ccp_alpha=0, max_depth=6, max_leaf_nodes=31,
                       min_samples_leaf=5, n_jobs=-1, random_state=123)",25.390625,"              precision    recall  f1-score   support

          -1       0.80      0.49      0.61        41
           0       0.60      0.93      0.73       103
           1       0.71      0.11      0.19        47

    accuracy                           0.63       191
   macro avg       0.71      0.51      0.51       191
weighted avg       0.67      0.63      0.57       191
"
7,SVM,No Reduction,90,"{'C': 1, 'kernel': 'rbf'}",0.6164046479835954,0.7159685863874345,0.6282722513089005,0.6551914054531855,0.6282722513089005,0.5670341797508365,0.3412045993907576,0.7251086784071078,"[[21 19  1]
 [ 8 94  1]
 [ 1 41  5]]","[ 0  0  0  0  0 -1  0  0  0  0  0  0  0 -1  0  0  0  0  0  0  0 -1  1  0
  0  0  0  0  0  0 -1  0  0  0  0  0  0  0  0 -1  0  0  0  0  0  0 -1  0
  1  0  1  0 -1  0  0  0  0  0  0  0  0  0  0 -1  0  0  0 -1  0  0 -1  0
  0  0 -1  0  0 -1  0  0  0  0 -1  0  0  0  0 -1  0  0  0 -1  0  0 -1  0
  0  0  0  0 -1  0  0  0  0  0  0 -1  0  0  0  0  0 -1  0  0  0  0  0  0
  1  0  0  1  0  0 -1  0  0  0  0  0  0  0  0  0 -1  0  0  0  0  0  0  0
  0 -1  0  0 -1  0 -1  0  0  0  0  0  0 -1  0  0  0 -1  0  0  0  0  0  0
  0  0  0  0  0  0 -1  1  0  0  1  0  0  0  0 -1 -1  0  0 -1  0  0  0]","[[0.22088202 0.55030247 0.22881552]
 [0.05756694 0.59031305 0.35212001]
 [0.11907233 0.54716026 0.33376742]
 [0.06180134 0.47134282 0.46685584]
 [0.05358623 0.53023371 0.41618006]
 [0.52309167 0.41211814 0.06479019]
 [0.09685855 0.56280634 0.34033511]
 [0.05349553 0.69284728 0.25365719]
 [0.10937196 0.78354714 0.1070809 ]
 [0.03717157 0.67582349 0.28700494]
 [0.03667747 0.62979482 0.33352771]
 [0.16983825 0.61843843 0.21172332]
 [0.0790011  0.60552771 0.31547118]
 [0.76900179 0.20310235 0.02789586]
 [0.10148787 0.52537512 0.37313701]
 [0.10806343 0.61767932 0.27425725]
 [0.06190486 0.61101636 0.32707879]
 [0.06611028 0.58868581 0.34520391]
 [0.23228603 0.4678774  0.29983658]
 [0.08936907 0.64276072 0.26787021]
 [0.24367538 0.40179389 0.35453073]
 [0.47362298 0.40326685 0.12311017]
 [0.20092856 0.38753879 0.41153265]
 [0.06365561 0.68569831 0.25064608]
 [0.10132029 0.61760945 0.28107026]
 [0.07580797 0.53751568 0.38667636]
 [0.04565424 0.5694453  0.38490045]
 [0.04510565 0.6741015  0.28079285]
 [0.13095162 0.71625243 0.15279595]
 [0.04464615 0.49727551 0.45807834]
 [0.88329687 0.09700279 0.01970034]
 [0.1646443  0.57721829 0.25813741]
 [0.1398323  0.70268076 0.15748694]
 [0.37622431 0.42978336 0.19399234]
 [0.17468787 0.47134467 0.35396746]
 [0.29631091 0.52808949 0.1755996 ]
 [0.07318212 0.65252963 0.27428826]
 [0.10108318 0.64471955 0.25419726]
 [0.12856244 0.63624386 0.23519369]
 [0.93361944 0.04703649 0.01934407]
 [0.03348002 0.62146701 0.34505297]
 [0.07790153 0.5632465  0.35885198]
 [0.18368442 0.57591831 0.24039727]
 [0.06826438 0.52097301 0.41076261]
 [0.32728192 0.50794214 0.16477594]
 [0.12657649 0.70533399 0.16808952]
 [0.50383391 0.4193639  0.07680219]
 [0.09813093 0.72594506 0.17592401]
 [0.18456214 0.28943345 0.5260044 ]
 [0.30334975 0.40044367 0.29620658]
 [0.08981535 0.44332147 0.46686318]
 [0.05385735 0.63721353 0.30892912]
 [0.906714   0.0647663  0.0285197 ]
 [0.06517447 0.59833526 0.33649027]
 [0.05488645 0.69020581 0.25490775]
 [0.08816294 0.6950988  0.21673827]
 [0.37696854 0.53726497 0.0857665 ]
 [0.10528944 0.61677256 0.277938  ]
 [0.20100002 0.61108165 0.18791833]
 [0.13673663 0.57095562 0.29230776]
 [0.03984852 0.61735986 0.34279162]
 [0.09645246 0.58526096 0.31828658]
 [0.06180382 0.61574448 0.32245171]
 [0.63058367 0.30780949 0.06160684]
 [0.09772322 0.55784979 0.344427  ]
 [0.12477113 0.59042406 0.28480481]
 [0.08087373 0.64965763 0.26946864]
 [0.70159904 0.24315531 0.05524565]
 [0.34406752 0.53358556 0.12234692]
 [0.24457072 0.59216317 0.16326611]
 [0.44830938 0.38741756 0.16427307]
 [0.27170439 0.56991756 0.15837805]
 [0.09779429 0.62400799 0.27819772]
 [0.0685842  0.59447004 0.33694577]
 [0.79434611 0.15215982 0.05349408]
 [0.06488106 0.71535768 0.21976127]
 [0.04906465 0.71719051 0.23374484]
 [0.57171554 0.3607642  0.06752026]
 [0.0787301  0.60426492 0.31700498]
 [0.13525535 0.68785104 0.17689361]
 [0.06935213 0.67003578 0.26061208]
 [0.17393237 0.60694016 0.21912748]
 [0.77451855 0.16343111 0.06205034]
 [0.35979011 0.54812919 0.0920807 ]
 [0.05269491 0.71760719 0.22969789]
 [0.05750752 0.64088268 0.3016098 ]
 [0.08582433 0.64667792 0.26749775]
 [0.49987085 0.43477757 0.06535158]
 [0.05218709 0.68253274 0.26528017]
 [0.04210237 0.57410057 0.38379706]
 [0.08506356 0.5904201  0.32451633]
 [0.8522966  0.12733133 0.02037207]
 [0.18957996 0.68311846 0.12730158]
 [0.19631126 0.52900984 0.27467889]
 [0.57339704 0.34959344 0.07700952]
 [0.14878143 0.6658587  0.18535986]
 [0.05148455 0.63342174 0.31509371]
 [0.31429185 0.50747316 0.17823499]
 [0.08003591 0.66212488 0.25783921]
 [0.33814888 0.50813128 0.15371985]
 [0.87761607 0.09604873 0.0263352 ]
 [0.13079296 0.58694802 0.28225903]
 [0.10091052 0.62082474 0.27826473]
 [0.1160053  0.65761902 0.22637568]
 [0.11032871 0.61127757 0.27839371]
 [0.06020404 0.72694694 0.21284902]
 [0.04037988 0.55425135 0.40536876]
 [0.51918526 0.4053732  0.07544154]
 [0.05064064 0.65940377 0.28995559]
 [0.1551464  0.74273664 0.10211695]
 [0.14319901 0.65955763 0.19724337]
 [0.06868553 0.61586023 0.31545424]
 [0.06182166 0.67585191 0.26232643]
 [0.88208998 0.09472016 0.02318987]
 [0.03583661 0.61794387 0.34621953]
 [0.09421383 0.61720988 0.28857629]
 [0.05688677 0.69769136 0.24542187]
 [0.08915579 0.58183647 0.32900774]
 [0.19919859 0.5987183  0.20208311]
 [0.09623813 0.65725103 0.24651085]
 [0.09107499 0.39883383 0.51009118]
 [0.10128724 0.62373525 0.27497751]
 [0.08351567 0.61972555 0.29675878]
 [0.15556662 0.39064972 0.45378366]
 [0.10193673 0.62433277 0.2737305 ]
 [0.20925183 0.60109804 0.18965014]
 [0.47955444 0.37088571 0.14955985]
 [0.09845061 0.59968066 0.30186873]
 [0.2614319  0.62029193 0.11827616]
 [0.07406314 0.67362532 0.25231154]
 [0.06672346 0.64567193 0.2876046 ]
 [0.06523419 0.65804148 0.27672433]
 [0.18930912 0.67823302 0.13245786]
 [0.36521819 0.44521549 0.18956632]
 [0.21266366 0.46741944 0.31991689]
 [0.11122892 0.53386338 0.3549077 ]
 [0.85320202 0.11204661 0.03475137]
 [0.07476738 0.63678864 0.28844398]
 [0.15759442 0.58165493 0.26075066]
 [0.05113129 0.59231496 0.35655375]
 [0.11893231 0.64174705 0.23932064]
 [0.2857397  0.63175193 0.08250837]
 [0.21689354 0.52339908 0.25970738]
 [0.05139907 0.65829124 0.29030969]
 [0.1060018  0.60566049 0.2883377 ]
 [0.77473364 0.17308763 0.05217874]
 [0.36378078 0.46869735 0.16752187]
 [0.09427367 0.5048713  0.40085503]
 [0.84437481 0.11561356 0.04001163]
 [0.06736164 0.67460287 0.25803549]
 [0.73440277 0.17088777 0.09470945]
 [0.07511032 0.57030036 0.35458931]
 [0.12901039 0.6658539  0.20513571]
 [0.21714169 0.54508    0.2377783 ]
 [0.06632179 0.65566957 0.27800863]
 [0.05310536 0.55867739 0.38821725]
 [0.07383126 0.68525544 0.24091329]
 [0.9116382  0.06072807 0.02763373]
 [0.05694453 0.67760572 0.26544975]
 [0.05972771 0.4956014  0.44467089]
 [0.34463444 0.5673253  0.08804026]
 [0.50659012 0.40418721 0.08922267]
 [0.0709917  0.63300233 0.29600598]
 [0.26506816 0.61782074 0.1171111 ]
 [0.09754725 0.6808447  0.22160805]
 [0.12031653 0.64334178 0.23634169]
 [0.16657923 0.63452564 0.19889513]
 [0.06004511 0.69010522 0.24984967]
 [0.07983599 0.5262844  0.39387961]
 [0.06734837 0.68934576 0.24330586]
 [0.32316484 0.42168689 0.25514827]
 [0.06638459 0.5497147  0.38390071]
 [0.0926387  0.49942864 0.40793266]
 [0.04310827 0.70585048 0.25104126]
 [0.73731753 0.20238953 0.06029294]
 [0.11909786 0.39124408 0.48965806]
 [0.06440162 0.5584613  0.37713708]
 [0.10141541 0.57423899 0.3243456 ]
 [0.16275765 0.41420892 0.42303344]
 [0.05472475 0.68034921 0.26492604]
 [0.05389595 0.6734723  0.27263175]
 [0.13947579 0.66471193 0.19581228]
 [0.10986476 0.52569162 0.36444362]
 [0.80633093 0.15132046 0.0423486 ]
 [0.51561488 0.35183624 0.13254888]
 [0.1016995  0.65196862 0.24633188]
 [0.05066811 0.68467244 0.26465945]
 [0.50580656 0.36373802 0.13045542]
 [0.13006239 0.653998   0.21593961]
 [0.06377426 0.5861953  0.35003044]
 [0.06081458 0.62183003 0.31735539]]","Index(['Labor Force Diff', 'Employed Diff', 'Unemployed Level Diff',
       'Unemployed Rate Diff', 'Median Age 10', 'Median Age Male 10',
       'Median Age Female 10', '# of Households 10', 'Avg Household Size 10',
       '# of Families 10', 'Avg Family Size 10', '# of Housing Units 10',
       'County Population', 'CARES ESSER I 20', 'CRRSA ESSER II 21',
       'ARP ESSER III 21', 'ESSER-SUPP 22', 'ESSER-SUPP 23',
       '% County Infected 09/28/20', '% County Deaths 09/28/20',
       '% County Infected 10/30/20', '% County Deaths 10/30/20',
       '% County Infected 01/29/21', '% County Deaths 01/29/21',
       '% On Campus 09/28/20', '% On Campus 10/30/20', '% On Campus 01/29/21',
       '% White Pop 10', '% Black Pop 10', '% Asian Pop 10',
       '% Hispanic Pop 10', '% Male Pop 10', '% Female Pop 10',
       '% Age 0-4 Pop 10', '% Age 5-9 Pop 10', '% Age 10-14 Pop 10',
       '% Age 15-19 Pop 10', '% Age 20-24 Pop 10', '% Age 25-34 Pop 10',
       '% Age 35-44 Pop 10', '% Age 45-54 Pop 10', '% Age 55-64 Pop 10',
       '% Age 65-74 Pop 10', '% Age 75-84 Pop 10', '% Age 85-Up Pop 10',
       '% HH 1 Male 10', '% HH 1 Female 10', '% HH Married-Child 10',
       '% HH Married-noChild 10', '% HH Male-Child 10', '% HH Female-Child 10',
       '% Housing Vacant 10', '% Housing Owner Occup 10',
