,Model,n Selected,Method,best_params,Best Accuracy,Train Accuracy,Test Accuracy,Precision,Recall,MCC,F1,conf_mat,Prediction,predict_proba,Features,estimator,classification_report,Train Time CPU,Train Time Wall,n_iter
12,HistGB,51,4 or more,"{'min_samples_leaf': 10, 'max_leaf_nodes': 64, 'max_iter': 50, 'max_depth': None, 'learning_rate': 0.01, 'l2_regularization': 0}",0.6295493636050911,0.8900523560209425,0.6649214659685864,0.6855258439972088,0.6649214659685864,0.4162812690443492,0.6209743392163486,"[[21 18  2]
 [ 2 97  4]
 [ 0 38  9]]","[1 1 1 1 1 0 1 1 1 1 1 1 1 0 1 1 1 2 1 1 1 1 2 1 1 1 1 1 1 2 0 1 1 1 1 1 1
 1 1 0 1 1 1 1 1 1 1 1 2 1 2 1 0 1 1 1 1 1 1 1 2 1 1 0 1 1 1 1 1 1 1 1 1 1
 0 1 1 1 1 1 1 1 0 1 1 1 1 0 1 1 1 0 1 1 1 1 1 1 1 1 0 1 1 1 1 1 1 1 1 1 1
 1 1 0 1 1 1 1 1 1 1 1 1 0 1 1 1 1 0 1 1 1 1 1 1 2 0 1 1 1 2 1 2 1 1 1 0 1
 0 1 1 2 1 1 1 2 1 0 1 1 1 0 1 0 1 1 1 1 1 1 1 2 2 1 0 1 1 1 2 1 1 1 1 0 2
 1 1 0 1 1 1]","[[0.15073424 0.56195445 0.28731131]
 [0.16624729 0.44018811 0.39356459]
 [0.32285324 0.38194474 0.29520202]
 [0.10489844 0.63118049 0.26392107]
 [0.1079376  0.47240467 0.41965773]
 [0.57764343 0.27491869 0.14743788]
 [0.09140473 0.72104533 0.18754994]
 [0.1009448  0.76528461 0.13377058]
 [0.15591344 0.72788835 0.11619821]
 [0.11299883 0.68813695 0.19886422]
 [0.1259045  0.44978336 0.42431214]
 [0.11997729 0.51867545 0.36134726]
 [0.13104432 0.56627555 0.30268013]
 [0.61734221 0.24410672 0.13855107]
 [0.13247965 0.44619501 0.42132534]
 [0.17229714 0.59781799 0.22988487]
 [0.13591431 0.61917453 0.24491117]
 [0.10880809 0.36631225 0.52487966]
 [0.14678561 0.54245135 0.31076304]
 [0.13200042 0.50764905 0.36035053]
 [0.327014   0.35540012 0.31758588]
 [0.1252246  0.75689764 0.11787776]
 [0.28947739 0.29479263 0.41572998]
 [0.1148153  0.64220404 0.24298066]
 [0.32925256 0.37796891 0.29277853]
 [0.1128977  0.66362722 0.22347509]
 [0.2473879  0.44955748 0.30305462]
 [0.13842129 0.57392026 0.28765845]
 [0.14475083 0.6337999  0.22144927]
 [0.10100511 0.38819281 0.51080208]
 [0.41245095 0.26600268 0.32154637]
 [0.15062432 0.70680316 0.14257251]
 [0.10713451 0.67463684 0.21822864]
 [0.20905105 0.59323067 0.19771829]
 [0.16887235 0.51710142 0.31402623]
 [0.19147757 0.59107708 0.21744535]
 [0.14410298 0.66059918 0.19529784]
 [0.17026689 0.50542491 0.3243082 ]
 [0.09228807 0.80534932 0.10236261]
 [0.64351254 0.22962505 0.12686241]
 [0.13730215 0.55394618 0.30875168]
 [0.1130746  0.53466945 0.35225595]
 [0.25598441 0.46051969 0.28349591]
 [0.11611532 0.45915229 0.42473239]
 [0.12245707 0.71608796 0.16145497]
 [0.09183227 0.80630808 0.10185965]
 [0.41024007 0.50219495 0.08756498]
 [0.09202282 0.7883002  0.11967698]
 [0.15710306 0.30325002 0.53964692]
 [0.15781075 0.64951269 0.19267656]
 [0.18696197 0.3697046  0.44333342]
 [0.14634526 0.44126848 0.41238625]
 [0.50690747 0.35498967 0.13810286]
 [0.13519751 0.5518477  0.31295479]
 [0.11091185 0.58874173 0.30034641]
 [0.17786647 0.64304506 0.17908847]
 [0.1650587  0.71870527 0.11623602]
 [0.14051113 0.64013095 0.21935792]
 [0.23673995 0.64794494 0.11531511]
 [0.15978081 0.62988649 0.2103327 ]
 [0.09137563 0.4107744  0.49784997]
 [0.11408405 0.55424511 0.33167085]
 [0.12665713 0.67799554 0.19534733]
 [0.62589802 0.24052039 0.13358159]
 [0.28207999 0.48850952 0.22941049]
 [0.17679699 0.47574344 0.34745957]
 [0.12778759 0.58918527 0.28302714]
 [0.23721496 0.6317274  0.13105764]
 [0.38553278 0.46792038 0.14654685]
 [0.21353047 0.61926435 0.16720519]
 [0.35689533 0.5093909  0.13371377]
 [0.16218045 0.72559381 0.11222574]
 [0.16007442 0.64618495 0.19374063]
 [0.11888415 0.61786384 0.26325201]
 [0.63866682 0.22375523 0.13757795]
 [0.08549323 0.72612341 0.18838336]
 [0.10692792 0.64543904 0.24763303]
 [0.37765135 0.52790969 0.09443897]
 [0.15674223 0.57550733 0.26775044]
 [0.22948226 0.56441328 0.20610446]
 [0.12124143 0.75465909 0.12409948]
 [0.10980543 0.77390483 0.11628974]
 [0.64810847 0.22852743 0.1233641 ]
 [0.38559043 0.4611343  0.15327527]
 [0.12526219 0.68922781 0.18551   ]
 [0.31589767 0.35338058 0.33072176]
 [0.12334571 0.47270744 0.40394685]
 [0.4880062  0.37540493 0.13658887]
 [0.13290916 0.63287932 0.23421152]
 [0.11146672 0.4466169  0.44191637]
 [0.09401494 0.55208205 0.35390301]
 [0.54233042 0.30101421 0.15665537]
 [0.09661347 0.79777965 0.10560688]
 [0.19594468 0.65659444 0.14746088]
 [0.43162167 0.45734096 0.11103738]
 [0.1322631  0.67887431 0.18886258]
 [0.1266374  0.62584854 0.24751406]
 [0.29074412 0.52824278 0.1810131 ]
 [0.12787538 0.64948796 0.22263666]
 [0.16762354 0.69960521 0.13277125]
 [0.48817246 0.39791434 0.1139132 ]
 [0.18028363 0.64171643 0.17799994]
 [0.12556894 0.6038508  0.27058026]
 [0.20801089 0.60907092 0.18291819]
 [0.12752836 0.59627891 0.27619273]
 [0.12988991 0.668456   0.20165408]
 [0.13247768 0.4735804  0.39394193]
 [0.11486788 0.77796307 0.10716905]
 [0.09798374 0.67316333 0.22885294]
 [0.20985216 0.67729956 0.11284828]
 [0.13687316 0.63327422 0.22985262]
 [0.12273088 0.62085947 0.25640966]
 [0.12904382 0.71085376 0.16010242]
 [0.54666777 0.29437477 0.15895746]
 [0.12235069 0.52358828 0.35406103]
 [0.27688594 0.48838643 0.23472763]
 [0.11225126 0.5610468  0.32670194]
 [0.15424241 0.52530607 0.32045153]
 [0.10860708 0.55855449 0.33283843]
 [0.18657783 0.63239446 0.18102771]
 [0.08895425 0.65423155 0.2568142 ]
 [0.13047874 0.7664044  0.10311686]
 [0.13535508 0.62173841 0.24290651]
 [0.37963877 0.33662445 0.28373678]
 [0.15158621 0.49831599 0.35009781]
 [0.3527131  0.40843465 0.23885225]
 [0.29021596 0.54084455 0.16893948]
 [0.122891   0.55013364 0.32697535]
 [0.49918137 0.32610321 0.17471542]
 [0.12739893 0.68999349 0.18260758]
 [0.12907333 0.53162071 0.33930596]
 [0.11710059 0.63129759 0.25160181]
 [0.26815553 0.56819999 0.16364448]
 [0.15012281 0.70496358 0.14491361]
 [0.24362868 0.50150951 0.25486181]
 [0.12636388 0.36114292 0.5124932 ]
 [0.45872983 0.41427532 0.12699486]
 [0.10278281 0.56756469 0.3296525 ]
 [0.13396053 0.55274147 0.313298  ]
 [0.08135647 0.56757685 0.35106668]
 [0.13447129 0.40986522 0.45566349]
 [0.27388763 0.57868089 0.14743148]
 [0.13261974 0.38792851 0.47945174]
 [0.15741372 0.50474098 0.33784529]
 [0.15661911 0.46660142 0.37677947]
 [0.40187505 0.49433087 0.10379408]
 [0.53181161 0.27669575 0.19149264]
 [0.19499763 0.44651479 0.35848758]
 [0.44655448 0.43028645 0.12315908]
 [0.12142851 0.60725471 0.27131677]
 [0.37998899 0.44716909 0.17284193]
 [0.23245186 0.35490233 0.41264582]
 [0.09975516 0.77020687 0.13003796]
 [0.13552787 0.70718118 0.15729095]
 [0.14590374 0.56913605 0.28496021]
 [0.1208398  0.42681353 0.45234666]
 [0.14006508 0.64750132 0.2124336 ]
 [0.61705573 0.25629759 0.12664668]
 [0.10150423 0.67494382 0.22355195]
 [0.11487782 0.63384073 0.25128145]
 [0.12499889 0.74709229 0.12790883]
 [0.55897117 0.32411548 0.11691335]
 [0.18707035 0.51473507 0.29819459]
 [0.52898807 0.34666404 0.12434789]
 [0.08810891 0.75933017 0.15256092]
 [0.25452026 0.5611959  0.18428384]
 [0.10936036 0.62106155 0.2695781 ]
 [0.11300021 0.56664074 0.32035906]
 [0.11627503 0.69234894 0.19137603]
 [0.10713914 0.72564306 0.1672178 ]
 [0.23118408 0.38538476 0.38343116]
 [0.14946067 0.40943433 0.44110499]
 [0.17993007 0.27801475 0.54205519]
 [0.09475926 0.52670101 0.37853973]
 [0.65840454 0.23076062 0.11083484]
 [0.10366209 0.54816777 0.34817014]
 [0.24974419 0.49476367 0.25549214]
 [0.1419195  0.67066466 0.18741584]
 [0.13216421 0.36434098 0.50349481]
 [0.11574343 0.65267943 0.23157714]
 [0.14715219 0.45162096 0.40122685]
 [0.10479841 0.6964617  0.19873989]
 [0.18748256 0.42453174 0.3879857 ]
 [0.5820758  0.28333578 0.13458842]
 [0.20812004 0.33039738 0.46148258]
 [0.18826198 0.48986324 0.32187478]
 [0.08874983 0.78342581 0.12782436]
 [0.46384302 0.39910272 0.13705425]
 [0.15954254 0.68668314 0.15377432]
 [0.13057381 0.52963182 0.33979437]
 [0.13921711 0.59936164 0.26142124]]","['# of Families 10', '# of Households 10', '# of Housing Units 10', '% ADA Diff', '% Age 15-19 Pop 10', '% Age 25-34 Pop 10', '% Age 5-9 Pop 10', '% Age 75-84 Pop 10', '% Asian Diff', '% Asian Pop 10', '% Black Diff', '% Black Pop 10', '% County Infected 09/28/20', '% County Infected 10/30/20', '% Grades 1-8 Diff', '% Grades 9-12 Diff', '% HH Female-Child 10', '% HH Married-noChild 10', '% Hispanic Diff', '% Housing Renter Occup 10', '% Kinder Diff', '% On Campus 01/29/21', '% On Campus 09/28/20', '% On Campus 10/30/20', '% Prek Diff', '% Reduced-price Lunch Diff', '% Tested Math G3 Diff', '% Tested Math G4 Diff', '% Tested Math G5 Diff', '% Tested Math G6 Diff', '% Tested Math G7 Diff', '% Tested Math G8 Diff', '% White Diff', 'ARP ESSER III 21', 'Avg Family Size 10', 'Avg Household Size 10', 'CARES ESSER I 20', 'CRRSA ESSER II 21', 'County Population', 'ESSER-SUPP 22', 'Labor Force Diff', 'Locale_12-City: Mid-size', 'Locale_42-Rural: Distant', 'Median Age 10', 'Median Age Female 10', 'Median Age Male 10', 'Staff:Students Diff', 'Teachers:Students Diff', 'Total Schools Diff', 'Total Students Diff', 'Unemployed Level Diff']","HistGradientBoostingClassifier(categorical_features=[41, 42],
                               early_stopping=True, l2_regularization=0,
                               learning_rate=0.01, max_iter=50,
                               max_leaf_nodes=64, min_samples_leaf=10,
                               n_iter_no_change=20, random_state=123)","              precision    recall  f1-score   support

           0       0.91      0.51      0.66        41
           1       0.63      0.94      0.76       103
           2       0.60      0.19      0.29        47

    accuracy                           0.66       191
   macro avg       0.72      0.55      0.57       191
weighted avg       0.69      0.66      0.62       191
",25.28125,80.30430555343628,432
0,CatBoost,51,4 or more,"{'random_strength': 5, 'min_data_in_leaf': 5, 'learning_rate': 0.1, 'l2_leaf_reg': 10, 'iterations': 100, 'depth': 3}",0.6321465428276574,0.6950261780104712,0.6649214659685864,0.6865907137503996,0.6649214659685864,0.41387924780442864,0.6287409452145027,"[[22 18  1]
 [ 5 94  4]
 [ 0 36 11]]","[[1]
 [1]
 [1]
 [2]
 [2]
 [0]
 [1]
 [1]
 [1]
 [1]
 [1]
 [1]
 [2]
 [0]
 [1]
 [1]
 [1]
 [1]
 [1]
 [1]
 [1]
 [1]
 [1]
 [1]
 [1]
 [1]
 [2]
 [1]
 [1]
 [1]
 [0]
 [1]
 [1]
 [1]
 [1]
 [1]
 [1]
 [1]
 [1]
 [0]
 [1]
 [1]
 [1]
 [1]
 [1]
 [1]
 [1]
 [1]
 [2]
 [1]
 [2]
 [1]
 [0]
 [1]
 [1]
 [1]
 [1]
 [1]
 [1]
 [1]
 [1]
 [1]
 [1]
 [0]
 [1]
 [1]
 [1]
 [0]
 [1]
 [1]
 [1]
 [1]
 [1]
 [1]
 [0]
 [1]
 [1]
 [0]
 [1]
 [1]
 [1]
 [1]
 [0]
 [1]
 [1]
 [1]
 [1]
 [0]
 [1]
 [2]
 [1]
 [0]
 [1]
 [1]
 [0]
 [1]
 [1]
 [1]
 [1]
 [1]
 [0]
 [1]
 [1]
 [1]
 [1]
 [1]
 [2]
 [1]
 [1]
 [1]
 [1]
 [1]
 [1]
 [0]
 [1]
 [1]
 [1]
 [2]
 [1]
 [1]
 [2]
 [1]
 [1]
 [1]
 [1]
 [1]
 [0]
 [2]
 [0]
 [1]
 [1]
 [1]
 [1]
 [0]
 [1]
 [2]
 [0]
 [1]
 [1]
 [1]
 [1]
 [1]
 [1]
 [1]
 [1]
 [0]
 [1]
 [1]
 [0]
 [1]
 [0]
 [1]
 [1]
 [1]
 [1]
 [2]
 [1]
 [0]
 [1]
 [1]
 [1]
 [0]
 [1]
 [0]
 [1]
 [1]
 [1]
 [1]
 [1]
 [1]
 [1]
 [2]
 [2]
 [1]
 [0]
 [1]
 [2]
 [1]
 [1]
 [1]
 [1]
 [1]
 [1]
 [0]
 [1]
 [1]
 [1]
 [1]
 [1]
 [1]
 [1]]","[[0.13738977 0.63701034 0.22559989]
 [0.09318851 0.56199448 0.34481701]
 [0.15445361 0.46357317 0.38197322]
 [0.09168833 0.43881416 0.46949751]
 [0.07497013 0.43470415 0.49032573]
 [0.64459214 0.30614468 0.04926318]
 [0.08552929 0.76545961 0.1490111 ]
 [0.07017883 0.56049614 0.36932502]
 [0.16630983 0.75349027 0.0801999 ]
 [0.0550002  0.67118591 0.27381389]
 [0.05333306 0.48618971 0.46047723]
 [0.17079787 0.49978283 0.32941929]
 [0.07597788 0.42040036 0.50362176]
 [0.82945765 0.14372697 0.02681538]
 [0.08631101 0.48109527 0.43259372]
 [0.10757728 0.61974143 0.2726813 ]
 [0.08884283 0.59306628 0.31809089]
 [0.07095764 0.55893469 0.37010767]
 [0.09875347 0.55514545 0.34610108]
 [0.08976739 0.58275845 0.32747416]
 [0.16691876 0.42074902 0.41233221]
 [0.12486663 0.79079807 0.0843353 ]
 [0.08073383 0.51625635 0.40300983]
 [0.06075761 0.71932286 0.21991953]
 [0.10896189 0.45643842 0.4345997 ]
 [0.07074394 0.52141063 0.40784542]
 [0.08911119 0.41740942 0.49347938]
 [0.10447408 0.68749869 0.20802722]
 [0.19381246 0.63540464 0.17078289]
 [0.05463326 0.52080492 0.42456182]
 [0.56281372 0.36855155 0.06863473]
 [0.2067289  0.62088166 0.17238945]
 [0.17747003 0.66922937 0.1533006 ]
 [0.15716764 0.60007102 0.24276134]
 [0.14231993 0.50791338 0.34976669]
 [0.21537733 0.55913513 0.22548753]
 [0.07014192 0.65031396 0.27954411]
 [0.17256461 0.67830584 0.14912956]
 [0.08808913 0.78928411 0.12262676]
 [0.88709021 0.09209505 0.02081475]
 [0.05150843 0.54484349 0.40364808]
 [0.0787994  0.53761253 0.38358807]
 [0.1705906  0.45515444 0.37425496]
 [0.18583505 0.47207643 0.34208852]
 [0.33266794 0.55861155 0.10872051]
 [0.13881491 0.76368355 0.09750154]
 [0.44470717 0.47061287 0.08467996]
 [0.09325147 0.78490809 0.12184045]
 [0.13226888 0.29137803 0.57635309]
 [0.07922536 0.56630465 0.35446999]
 [0.09507385 0.32968943 0.57523672]
 [0.05876337 0.57987414 0.36136249]
 [0.75832027 0.19094596 0.05073377]
 [0.05245077 0.60160149 0.34594775]
 [0.06234205 0.61395188 0.32370607]
 [0.08948368 0.64913991 0.2613764 ]
 [0.37072575 0.55469609 0.07457816]
 [0.09791343 0.56310167 0.3389849 ]
 [0.34844225 0.57949109 0.07206666]
 [0.07823272 0.69240074 0.22936654]
 [0.05486414 0.59812429 0.34701157]
 [0.05745643 0.66859094 0.27395263]
 [0.06468342 0.51964413 0.41567245]
 [0.77342562 0.18976401 0.03681037]
 [0.08285388 0.50525736 0.41188877]
 [0.08280093 0.51291072 0.40428836]
 [0.06057433 0.58633421 0.35309145]
 [0.7487675  0.22294148 0.02829102]
 [0.37630783 0.50190123 0.12179093]
 [0.21007881 0.59830508 0.19161611]
 [0.24758487 0.59808582 0.15432931]
 [0.42182741 0.51074155 0.06743103]
 [0.08080517 0.57086773 0.34832711]
 [0.05852177 0.60190893 0.33956929]
 [0.78960253 0.16557323 0.04482424]
 [0.07560521 0.73393731 0.19045748]
 [0.07605821 0.51175174 0.41219005]
 [0.5030571  0.43168375 0.06525916]
 [0.14543745 0.57838538 0.27617718]
 [0.23021849 0.53565418 0.23412732]
 [0.07345881 0.81441964 0.11212155]
 [0.16866998 0.72134539 0.10998462]
 [0.87756083 0.09862602 0.02381315]
 [0.37373418 0.54009987 0.08616595]
 [0.09144641 0.71319897 0.19535462]
 [0.09783748 0.49523876 0.40692377]
 [0.10189928 0.61581245 0.28228826]
 [0.61723525 0.30797043 0.07479432]
 [0.06616621 0.53380478 0.40002901]
 [0.06087952 0.45858963 0.48053086]
 [0.06744222 0.60897018 0.32358761]
 [0.77352012 0.19515805 0.03132183]
 [0.12785253 0.7632217  0.10892577]
 [0.09162066 0.62326302 0.28511632]
 [0.51099243 0.39983127 0.0891763 ]
 [0.08518744 0.70953374 0.20527882]
 [0.08280017 0.50076776 0.41643207]
 [0.29800014 0.58449165 0.1175082 ]
 [0.06734028 0.58556011 0.34709961]
 [0.1081984  0.67555607 0.21624553]
 [0.88003131 0.09913108 0.02083761]
 [0.11628336 0.5734677  0.31024894]
 [0.06024265 0.58284257 0.35691478]
 [0.10552948 0.60911453 0.28535599]
 [0.10849118 0.62165602 0.26985279]
 [0.06321222 0.73435789 0.2024299 ]
 [0.07609021 0.3998885  0.5240213 ]
 [0.25879367 0.67677774 0.06442859]
 [0.07144247 0.72832152 0.200236  ]
 [0.30499434 0.63526475 0.05974091]
 [0.15214936 0.71968094 0.1281697 ]
 [0.05307621 0.57148099 0.37544279]
 [0.07172456 0.64946725 0.27880819]
 [0.65339111 0.29783802 0.04877087]
 [0.05604612 0.6279906  0.31596329]
 [0.11131337 0.48837475 0.40031188]
 [0.0737219  0.50390312 0.42237498]
 [0.07769293 0.45028229 0.47202478]
 [0.12559155 0.50380462 0.37060383]
 [0.06976594 0.73396733 0.19626673]
 [0.06219946 0.46858176 0.46921878]
 [0.09512189 0.75199286 0.15288526]
 [0.06037647 0.71977981 0.21984372]
 [0.13561986 0.46892777 0.39545237]
 [0.08146289 0.59790856 0.32062855]
 [0.24237905 0.61624883 0.14137212]
 [0.46705158 0.44838058 0.08456784]
 [0.12948394 0.39763632 0.47287974]
 [0.60594808 0.31857225 0.07547967]
 [0.08805108 0.75367096 0.15827796]
 [0.09671443 0.47470868 0.42857689]
 [0.095787   0.61579391 0.28841908]
 [0.4219672  0.46584111 0.11219169]
 [0.50457427 0.41982163 0.0756041 ]
 [0.3315498  0.37809979 0.29035041]
 [0.11216782 0.44219442 0.44563776]
 [0.84285934 0.13013475 0.02700591]
 [0.12003999 0.65017282 0.22978719]
 [0.06675592 0.51485863 0.41838545]
 [0.08616915 0.66898057 0.24485029]
 [0.08907795 0.52599823 0.38492382]
 [0.43479223 0.51279647 0.05241131]
 [0.11990862 0.59763918 0.28245219]
 [0.08538046 0.6571227  0.25749684]
 [0.0791094  0.60059578 0.32029483]
 [0.68865594 0.26938712 0.04195694]
 [0.31438548 0.51047078 0.17514373]
 [0.13219579 0.45841092 0.4093933 ]
 [0.83950328 0.13390787 0.02658884]
 [0.06540674 0.61380714 0.32078612]
 [0.43639185 0.32963047 0.23397768]
 [0.07009845 0.58223214 0.34766942]
 [0.1496642  0.75113224 0.09920356]
 [0.13093581 0.59955591 0.26950828]
 [0.06991434 0.52605548 0.40403018]
 [0.07029326 0.4444395  0.48526724]
 [0.07922044 0.56904236 0.3517372 ]
 [0.84351744 0.12571628 0.03076628]
 [0.13217698 0.60158503 0.26623799]
 [0.08338362 0.58649731 0.33011908]
 [0.23922596 0.68851427 0.07225977]
 [0.64909961 0.24233919 0.10856121]
 [0.10432099 0.53101944 0.36465958]
 [0.56192476 0.36651775 0.07155749]
 [0.07870578 0.73572199 0.18557223]
 [0.11996299 0.62168841 0.2583486 ]
 [0.07883351 0.77712489 0.14404159]
 [0.11061273 0.56653973 0.32284755]
 [0.05656812 0.51306182 0.43037006]
 [0.05330115 0.71703935 0.2296595 ]
 [0.17964622 0.48035319 0.34000059]
 [0.0825359  0.39009816 0.52736595]
 [0.08942824 0.37135297 0.53921879]
 [0.06014586 0.60142984 0.3384243 ]
 [0.73546212 0.21806468 0.0464732 ]
 [0.04670343 0.56424489 0.38905168]
 [0.09198165 0.38741198 0.52060637]
 [0.0767907  0.67669617 0.24651313]
 [0.16569914 0.48244792 0.35185294]
 [0.06648855 0.69299075 0.24052071]
 [0.06206661 0.59553901 0.34239438]
 [0.07564432 0.61391659 0.31043909]
 [0.17373059 0.42969821 0.3965712 ]
 [0.74707605 0.2133825  0.03954145]
 [0.16290466 0.52864103 0.30845432]
 [0.10485615 0.59194013 0.30320371]
 [0.04929373 0.78014273 0.17056353]
 [0.36732091 0.52949908 0.10318   ]
 [0.1232185  0.72705324 0.14972825]
 [0.08355555 0.52667256 0.38977189]
 [0.10941823 0.50953126 0.38105051]]","['# of Families 10', '# of Households 10', '# of Housing Units 10', '% ADA Diff', '% Age 15-19 Pop 10', '% Age 25-34 Pop 10', '% Age 5-9 Pop 10', '% Age 75-84 Pop 10', '% Asian Diff', '% Asian Pop 10', '% Black Diff', '% Black Pop 10', '% County Infected 09/28/20', '% County Infected 10/30/20', '% Grades 1-8 Diff', '% Grades 9-12 Diff', '% HH Female-Child 10', '% HH Married-noChild 10', '% Hispanic Diff', '% Housing Renter Occup 10', '% Kinder Diff', '% On Campus 01/29/21', '% On Campus 09/28/20', '% On Campus 10/30/20', '% Prek Diff', '% Reduced-price Lunch Diff', '% Tested Math G3 Diff', '% Tested Math G4 Diff', '% Tested Math G5 Diff', '% Tested Math G6 Diff', '% Tested Math G7 Diff', '% Tested Math G8 Diff', '% White Diff', 'ARP ESSER III 21', 'Avg Family Size 10', 'Avg Household Size 10', 'CARES ESSER I 20', 'CRRSA ESSER II 21', 'County Population', 'ESSER-SUPP 22', 'Labor Force Diff', 'Locale_12-City: Mid-size', 'Locale_42-Rural: Distant', 'Median Age 10', 'Median Age Female 10', 'Median Age Male 10', 'Staff:Students Diff', 'Teachers:Students Diff', 'Total Schools Diff', 'Total Students Diff', 'Unemployed Level Diff']",<catboost.core.CatBoostClassifier object at 0x00000219B83551E0>,"              precision    recall  f1-score   support

           0       0.81      0.54      0.65        41
           1       0.64      0.91      0.75       103
           2       0.69      0.23      0.35        47

    accuracy                           0.66       191
   macro avg       0.71      0.56      0.58       191
weighted avg       0.69      0.66      0.63       191
",3.046875,963.645099401474,100
3,CatBoost,90,No Reduction,"{'random_strength': 0, 'min_data_in_leaf': 5, 'learning_rate': 0.01, 'l2_leaf_reg': 0.1, 'iterations': 100, 'depth': 6}",0.6243034055727554,0.743455497382199,0.643979057591623,0.7010017905305863,0.643979057591623,0.37675837925089656,0.586391387805491,"[[22 18  1]
 [ 8 95  0]
 [ 0 41  6]]","[[1]
 [1]
 [1]
 [1]
 [1]
 [0]
 [1]
 [1]
 [1]
 [1]
 [1]
 [1]
 [2]
 [0]
 [1]
 [1]
 [1]
 [1]
 [1]
 [1]
 [1]
 [1]
 [1]
 [1]
 [1]
 [1]
 [1]
 [1]
 [1]
 [1]
 [0]
 [1]
 [1]
 [1]
 [1]
 [0]
 [1]
 [1]
 [1]
 [0]
 [1]
 [1]
 [1]
 [1]
 [1]
 [1]
 [1]
 [1]
 [2]
 [1]
 [2]
 [1]
 [0]
 [1]
 [1]
 [1]
 [1]
 [1]
 [1]
 [1]
 [1]
 [1]
 [1]
 [0]
 [1]
 [1]
 [1]
 [1]
 [1]
 [1]
 [1]
 [1]
 [1]
 [1]
 [0]
 [1]
 [1]
 [0]
 [1]
 [1]
 [1]
 [1]
 [0]
 [0]
 [1]
 [1]
 [1]
 [0]
 [1]
 [1]
 [1]
 [0]
 [1]
 [1]
 [0]
 [1]
 [1]
 [0]
 [1]
 [1]
 [0]
 [1]
 [1]
 [1]
 [1]
 [1]
 [1]
 [1]
 [1]
 [1]
 [1]
 [1]
 [1]
 [0]
 [1]
 [1]
 [1]
 [1]
 [1]
 [1]
 [1]
 [1]
 [1]
 [1]
 [1]
 [1]
 [0]
 [2]
 [0]
 [1]
 [1]
 [1]
 [1]
 [1]
 [1]
 [2]
 [0]
 [1]
 [1]
 [1]
 [1]
 [1]
 [1]
 [1]
 [1]
 [0]
 [0]
 [1]
 [0]
 [1]
 [0]
 [1]
 [1]
 [1]
 [1]
 [1]
 [1]
 [0]
 [1]
 [1]
 [1]
 [0]
 [1]
 [0]
 [1]
 [1]
 [1]
 [1]
 [1]
 [1]
 [2]
 [1]
 [2]
 [1]
 [0]
 [1]
 [1]
 [1]
 [1]
 [1]
 [1]
 [1]
 [1]
 [0]
 [0]
 [1]
 [1]
 [1]
 [1]
 [1]
 [1]]","[[0.21949151 0.49100265 0.28950584]
 [0.17949496 0.52353489 0.29697015]
 [0.24968177 0.41004803 0.3402702 ]
 [0.18535504 0.43322654 0.38141842]
 [0.17942684 0.45724364 0.36332952]
 [0.63383911 0.22667692 0.13948397]
 [0.1619836  0.56694273 0.27107368]
 [0.18040873 0.46830568 0.35128559]
 [0.22340964 0.58782274 0.18876762]
 [0.15869933 0.5516685  0.28963217]
 [0.17688036 0.42940051 0.39371913]
 [0.23899101 0.4452819  0.31572709]
 [0.2016053  0.39779073 0.40060398]
 [0.67476668 0.19590246 0.12933085]
 [0.20645122 0.43005042 0.36349836]
 [0.18133915 0.52689998 0.29176087]
 [0.16406153 0.5071308  0.32880767]
 [0.1693058  0.46596428 0.36472991]
 [0.18633967 0.48281675 0.33084358]
 [0.19468668 0.43879559 0.36651772]
 [0.22534283 0.45001541 0.32464176]
 [0.20013473 0.59326802 0.20659725]
 [0.19721894 0.42019929 0.38258178]
 [0.18141473 0.53665661 0.28192866]
 [0.1974741  0.42063221 0.38189369]
 [0.18248659 0.46186308 0.35565033]
 [0.19516697 0.4172369  0.38759614]
 [0.18587015 0.50013098 0.31399887]
 [0.19807407 0.49282886 0.30909708]
 [0.16776188 0.46379031 0.36844781]
 [0.60060718 0.25242398 0.14696884]
 [0.21508274 0.51590382 0.26901343]
 [0.18502099 0.572539   0.24244001]
 [0.27016223 0.46507978 0.26475799]
 [0.22121772 0.43389876 0.34488352]
 [0.40758306 0.33737951 0.25503743]
 [0.16317057 0.54772736 0.28910207]
 [0.31372584 0.39670715 0.28956702]
 [0.17207464 0.61112775 0.21679761]
 [0.6770408  0.19224972 0.13070948]
 [0.16976443 0.50991719 0.32031838]
 [0.18160748 0.4779467  0.34044582]
 [0.23668594 0.453399   0.30991506]
 [0.21722274 0.40461084 0.37816641]
 [0.21986794 0.51496245 0.26516962]
 [0.17844401 0.60521134 0.21634465]
 [0.37078228 0.40439827 0.22481946]
 [0.21290618 0.57192266 0.21517116]
 [0.21212718 0.3209498  0.46692302]
 [0.17809719 0.49164422 0.33025859]
 [0.23009091 0.37827262 0.39163647]
 [0.17434155 0.46915952 0.35649893]
 [0.61826751 0.23856203 0.14317046]
 [0.1616473  0.52387967 0.31447303]
 [0.16897826 0.49880294 0.33221881]
 [0.17554075 0.5046308  0.31982845]
 [0.26988974 0.54057648 0.18953378]
 [0.18279146 0.49852882 0.31867972]
 [0.25095794 0.55873486 0.1903072 ]
 [0.1756008  0.54289984 0.28149936]
 [0.16264625 0.47922174 0.35813201]
 [0.16591409 0.54718184 0.28690408]
 [0.17688611 0.49433355 0.32878034]
 [0.65201396 0.21020047 0.13778557]
 [0.21987053 0.41106525 0.36906422]
 [0.19231395 0.46257371 0.34511234]
 [0.16410796 0.46167443 0.37421762]
 [0.3706399  0.4616238  0.1677363 ]
 [0.32519997 0.45473599 0.22006404]
 [0.24902325 0.53784217 0.21313459]
 [0.26014957 0.44866459 0.29118584]
 [0.3158155  0.50677972 0.17740477]
 [0.18028015 0.53557653 0.28414332]
 [0.16334826 0.50808216 0.32856958]
 [0.62880254 0.23017338 0.14102407]
 [0.16938492 0.58540555 0.24520953]
 [0.17620225 0.48825134 0.33554642]
 [0.43043621 0.38074442 0.18881937]
 [0.1838977  0.45825262 0.35784968]
 [0.1854921  0.48481996 0.32968795]
 [0.1819048  0.59251116 0.22558404]
 [0.22460151 0.58990952 0.18548896]
 [0.68312317 0.18351933 0.1333575 ]
 [0.54008156 0.30549117 0.15442728]
 [0.17558594 0.56809613 0.25631793]
 [0.19018469 0.4654136  0.34440171]
 [0.19677258 0.45564513 0.34758229]
 [0.54728977 0.27866393 0.1740463 ]
 [0.16915396 0.46590946 0.36493658]
 [0.17182782 0.46282905 0.36534313]
 [0.17731816 0.51045133 0.31223052]
 [0.64637909 0.21765609 0.13596482]
 [0.18091308 0.59535029 0.22373663]
 [0.19945885 0.51597484 0.28456631]
 [0.40428393 0.39522549 0.20049058]
 [0.16855123 0.55761162 0.27383715]
 [0.18226303 0.47789351 0.33984345]
 [0.40667173 0.39600091 0.19732736]
 [0.17648572 0.50161001 0.32190426]
 [0.19408185 0.5503641  0.25555405]
 [0.66752424 0.20199984 0.13047592]
 [0.18023587 0.50380761 0.31595652]
 [0.16587449 0.50452677 0.32959874]
 [0.19289232 0.55275632 0.25435136]
 [0.20819001 0.4483086  0.34350139]
 [0.18239696 0.52744985 0.2901532 ]
 [0.17656305 0.46366916 0.35976778]
 [0.22965957 0.59461043 0.17573   ]
 [0.17508608 0.55921531 0.26569861]
 [0.29345294 0.53238294 0.17416412]
 [0.17998157 0.57953918 0.24047925]
 [0.17083595 0.45559744 0.37356661]
 [0.17442507 0.52186195 0.30371298]
 [0.64137315 0.21474267 0.14388418]
 [0.15901429 0.52391679 0.31706891]
 [0.21520634 0.42569115 0.35910251]
 [0.18409324 0.48518595 0.33072081]
 [0.17752491 0.43418825 0.38828684]
 [0.23796559 0.42095015 0.34108426]
 [0.18630476 0.58033907 0.23335617]
 [0.16948862 0.49110217 0.33940921]
 [0.18890705 0.60126942 0.20982352]
 [0.17067878 0.5383393  0.29098192]
 [0.22093764 0.40245086 0.3766115 ]
 [0.1745746  0.48795546 0.33746993]
 [0.30238271 0.49956921 0.19804808]
 [0.39313303 0.37735475 0.22951222]
 [0.25042367 0.33595365 0.41362267]
 [0.59599075 0.22013563 0.18387363]
 [0.19549635 0.55442577 0.25007787]
 [0.17816585 0.44519064 0.37664351]
 [0.20886188 0.48375088 0.30738724]
 [0.33494268 0.43404593 0.23101138]
 [0.24525885 0.55013908 0.20460207]
 [0.28564767 0.43004655 0.28430578]
 [0.27930026 0.35132103 0.36937871]
 [0.64758743 0.21757206 0.13484051]
 [0.17859944 0.54162416 0.2797764 ]
 [0.17397952 0.48540588 0.3406146 ]
 [0.16074028 0.53844019 0.30081953]
 [0.20368049 0.43288792 0.36343159]
 [0.3578238  0.46912114 0.17305506]
 [0.27190177 0.41986303 0.3082352 ]
 [0.2025059  0.51932693 0.27816717]
 [0.1822505  0.48796374 0.32978576]
 [0.45513258 0.37250818 0.17235924]
 [0.5293631  0.29614062 0.17449628]
 [0.25087392 0.38627121 0.36285487]
 [0.66724249 0.19885297 0.13390453]
 [0.1662407  0.52172867 0.31203063]
 [0.47864396 0.31216748 0.20918856]
 [0.17537422 0.43174899 0.3928768 ]
 [0.1896543  0.59020863 0.22013707]
 [0.22205974 0.45660721 0.32133305]
 [0.18147579 0.48293709 0.33558712]
 [0.18436406 0.46721825 0.34841768]
 [0.18011496 0.50037572 0.31950933]
 [0.66347057 0.20211744 0.13441199]
 [0.16677638 0.51712899 0.31609463]
 [0.17338589 0.5078581  0.31875602]
 [0.19577325 0.58720732 0.21701944]
 [0.58671668 0.25015044 0.16313288]
 [0.19850058 0.40893872 0.3925607 ]
 [0.50308616 0.33369204 0.16322179]
 [0.1775462  0.54048995 0.28196385]
 [0.20194322 0.4959603  0.30209648]
 [0.18473302 0.5623145  0.25295248]
 [0.2047784  0.47345133 0.32177027]
 [0.17806204 0.48317923 0.33875874]
 [0.1637664  0.55261594 0.28361766]
 [0.29531026 0.294555   0.41013474]
 [0.22150737 0.39601104 0.38248158]
 [0.19927226 0.38311949 0.41760825]
 [0.15813974 0.54033038 0.30152988]
 [0.66520315 0.19988492 0.13491193]
 [0.16583273 0.48394783 0.35021944]
 [0.20907561 0.42738765 0.36353674]
 [0.17523032 0.52067633 0.30409335]
 [0.21529476 0.39973423 0.38497101]
 [0.15939559 0.57780031 0.2628041 ]
 [0.17389337 0.48282809 0.34327854]
 [0.17172531 0.52662431 0.30165038]
 [0.1955607  0.4593258  0.3451135 ]
 [0.65183073 0.21436888 0.13380039]
 [0.37758239 0.36851746 0.25390014]
 [0.17937827 0.50294626 0.31767546]
 [0.17801741 0.55580838 0.2661742 ]
 [0.28728273 0.48050165 0.23221561]
 [0.21951617 0.55088332 0.22960051]
 [0.17184636 0.50801736 0.32013628]
 [0.18797209 0.42552108 0.38650683]]","['Labor Force Diff', 'Employed Diff', 'Unemployed Level Diff', 'Unemployed Rate Diff', 'Median Age 10', 'Median Age Male 10', 'Median Age Female 10', '# of Households 10', 'Avg Household Size 10', '# of Families 10', 'Avg Family Size 10', '# of Housing Units 10', 'County Population', 'CARES ESSER I 20', 'CRRSA ESSER II 21', 'ARP ESSER III 21', 'ESSER-SUPP 22', 'ESSER-SUPP 23', '% County Infected 09/28/20', '% County Deaths 09/28/20', '% County Infected 10/30/20', '% County Deaths 10/30/20', '% County Infected 01/29/21', '% County Deaths 01/29/21', '% On Campus 09/28/20', '% On Campus 10/30/20', '% On Campus 01/29/21', '% White Pop 10', '% Black Pop 10', '% Asian Pop 10', '% Hispanic Pop 10', '% Male Pop 10', '% Female Pop 10', '% Age 0-4 Pop 10', '% Age 5-9 Pop 10', '% Age 10-14 Pop 10', '% Age 15-19 Pop 10', '% Age 20-24 Pop 10', '% Age 25-34 Pop 10', '% Age 35-44 Pop 10', '% Age 45-54 Pop 10', '% Age 55-64 Pop 10', '% Age 65-74 Pop 10', '% Age 75-84 Pop 10', '% Age 85-Up Pop 10', '% HH 1 Male 10', '% HH 1 Female 10', '% HH Married-Child 10', '% HH Married-noChild 10', '% HH Male-Child 10', '% HH Female-Child 10', '% Housing Vacant 10', '% Housing Owner Occup 10', '% Housing Renter Occup 10', 'Total Schools Diff', 'Total Students Diff', '% Operational Schools Diff', '% Title 1 School-wide Diff', '% Title 1 Eligible Diff', 'Teachers:Students Diff', 'Staff:Students Diff', '% Free Lunch Diff', '% Reduced-price Lunch Diff', '% Asian Diff', '% Hispanic Diff', '% Black Diff', '% White Diff', '% Grades 1-8 Diff', '% Grades 9-12 Diff', '% Prek Diff', '% Kinder Diff', '% ADA Diff', '% Tested Math G3 Diff', '% Tested Math G4 Diff', '% Tested Math G5 Diff', '% Tested Math G6 Diff', '% Tested Math G7 Diff', '% Tested Math G8 Diff', 'Locale_11-City: Large', 'Locale_12-City: Mid-size', 'Locale_13-City: Small', 'Locale_21-Suburb: Large', 'Locale_22-Suburb: Mid-size', 'Locale_23-Suburb: Small', 'Locale_31-Town: Fringe', 'Locale_32-Town: Distant', 'Locale_33-Town: Remote', 'Locale_41-Rural: Fringe', 'Locale_42-Rural: Distant', 'Locale_43-Rural: Remote']",<catboost.core.CatBoostClassifier object at 0x00000219B82AE4A0>,"              precision    recall  f1-score   support

           0       0.73      0.54      0.62        41
           1       0.62      0.92      0.74       103
           2       0.86      0.13      0.22        47

    accuracy                           0.64       191
   macro avg       0.74      0.53      0.53       191
weighted avg       0.70      0.64      0.59       191
",15.328125,1458.3309674263,100
10,LightGBM,15,6 or more,"{'reg_lambda': 10, 'reg_alpha': 0, 'n_estimators': 50, 'min_sum_hessian_in_leaf': 1, 'min_split_gain': 0.1, 'max_depth': 1, 'learning_rate': 0.2}",0.6452700378396973,0.6858638743455497,0.643979057591623,0.6317252555472451,0.643979057591623,0.3709468606074122,0.6125151777052436,"[[24 14  3]
 [ 6 89  8]
 [ 0 37 10]]","[1 1 0 2 2 0 1 1 1 1 1 1 2 0 2 1 1 1 1 1 2 1 1 1 1 1 1 1 1 2 0 1 1 1 1 1 1
 1 1 0 1 1 1 1 1 1 0 1 2 1 2 1 0 1 1 1 1 1 1 1 2 1 1 0 2 1 1 1 1 1 1 1 1 1
 0 1 1 1 1 1 1 1 0 0 1 1 1 0 1 2 1 0 1 1 0 1 1 1 1 1 0 1 1 1 1 1 1 1 1 1 1
 1 1 0 1 1 1 2 2 1 1 1 1 2 1 0 0 2 0 1 1 1 1 1 1 2 0 1 1 1 1 1 1 1 1 0 0 2
 0 1 0 1 1 1 1 1 1 0 1 1 1 0 2 0 1 1 1 1 1 1 2 2 1 1 0 1 1 1 2 1 1 1 1 0 1
 1 1 0 1 1 1]","[[0.10971942 0.75939818 0.1308824 ]
 [0.10655291 0.58886759 0.3045795 ]
 [0.44370439 0.39106884 0.16522678]
 [0.10162582 0.42403356 0.47434062]
 [0.15398026 0.40075367 0.44526608]
 [0.67856888 0.23486932 0.0865618 ]
 [0.08171671 0.680295   0.23798829]
 [0.08054263 0.58702667 0.33243071]
 [0.20714902 0.74355624 0.04929474]
 [0.08373766 0.6022126  0.31404974]
 [0.06052855 0.5057278  0.43374365]
 [0.16691953 0.63323342 0.19984705]
 [0.09865714 0.44085861 0.46048426]
 [0.89156727 0.09513264 0.01330009]
 [0.09971596 0.4348577  0.46542633]
 [0.11452285 0.63569962 0.24977754]
 [0.07241826 0.63514295 0.29243879]
 [0.08791045 0.55529664 0.35679291]
 [0.11208133 0.52664824 0.36127043]
 [0.12409415 0.62361138 0.25229447]
 [0.13062863 0.43388218 0.43548919]
 [0.12186475 0.78577045 0.0923648 ]
 [0.14598848 0.43447418 0.41953734]
 [0.07173685 0.67842127 0.24984189]
 [0.08511851 0.48288951 0.43199198]
 [0.13123457 0.4749024  0.39386303]
 [0.13343514 0.45991213 0.40665273]
 [0.07871252 0.57048043 0.35080705]
 [0.17230174 0.47301063 0.35468763]
 [0.08140512 0.43722732 0.48136756]
 [0.73609895 0.22587422 0.03802683]
 [0.21386176 0.69472966 0.09140858]
 [0.15414613 0.61028289 0.23557098]
 [0.33992735 0.54712053 0.11295212]
 [0.09975657 0.62725726 0.27298617]
 [0.34723877 0.486965   0.16579623]
 [0.07635834 0.6452638  0.27837786]
 [0.26184963 0.42729433 0.31085604]
 [0.09745625 0.84006086 0.06248289]
 [0.89946    0.08770596 0.01283404]
 [0.0550598  0.55155679 0.39338341]
 [0.13188568 0.58046891 0.28764542]
 [0.15872142 0.62769845 0.21358013]
 [0.13199809 0.45777606 0.41022585]
 [0.17917198 0.68516847 0.13565954]
 [0.15048119 0.79070682 0.05881199]
 [0.61750954 0.29265554 0.08983492]
 [0.15793111 0.76346419 0.0786047 ]
 [0.08775335 0.25832687 0.65391978]
 [0.0753617  0.49610875 0.42852955]
 [0.11707621 0.39617076 0.48675302]
 [0.05701131 0.5830979  0.35989079]
 [0.87348285 0.08689441 0.03962274]
 [0.06112454 0.59680122 0.34207425]
 [0.06075555 0.48373166 0.45551279]
 [0.06750351 0.71004983 0.22244666]
 [0.23413257 0.6686042  0.09726323]
 [0.0682942  0.58618377 0.34552203]
 [0.3437246  0.58675086 0.06952454]
 [0.08837617 0.68070647 0.23091736]
 [0.06937561 0.45413711 0.47648728]
 [0.0926697  0.75607881 0.15125149]
 [0.06095223 0.55366759 0.38538018]
 [0.81892726 0.16073653 0.02033621]
 [0.10599578 0.42197093 0.47203328]
 [0.06681798 0.54322135 0.38996067]
 [0.08001094 0.56848989 0.35149916]
 [0.42193266 0.55374634 0.024321  ]
 [0.28863685 0.62104879 0.09031436]
 [0.1739775  0.73110683 0.09491567]
 [0.34895389 0.43791247 0.21313364]
 [0.25064728 0.7188669  0.03048582]
 [0.0663016  0.80336206 0.13033633]
 [0.07692293 0.54418529 0.37889178]
 [0.82805424 0.13044767 0.04149809]
 [0.13262007 0.76736406 0.10001587]
 [0.07204327 0.59812243 0.32983429]
 [0.47565848 0.47713719 0.04720432]
 [0.13560561 0.54329549 0.3210989 ]
 [0.33195776 0.37845694 0.2895853 ]
 [0.09713145 0.8372611  0.06560745]
 [0.16324934 0.78917338 0.04757728]
 [0.78825111 0.18832792 0.02342097]
 [0.65654323 0.31233193 0.03112484]
 [0.08020114 0.6543496  0.26544926]
 [0.06864417 0.58713972 0.34421611]
 [0.07808768 0.61081518 0.31109714]
 [0.83425087 0.13161134 0.03413779]
 [0.07868127 0.47139276 0.44992597]
 [0.05619602 0.42627696 0.51752701]
 [0.06815314 0.61648735 0.31535951]
 [0.77162556 0.195576   0.03279843]
 [0.11292455 0.75926982 0.12780563]
 [0.10678721 0.72019774 0.17301505]
 [0.61561158 0.31614335 0.06824507]
 [0.08029819 0.68108683 0.23861498]
 [0.08960325 0.57557896 0.33481778]
 [0.38992846 0.49446866 0.11560288]
 [0.07010244 0.64911702 0.28078054]
 [0.09209579 0.76559308 0.14231113]
 [0.85435132 0.12627354 0.01937514]
 [0.14424851 0.54126859 0.3144829 ]
 [0.06580098 0.59521067 0.33898834]
 [0.1193261  0.72974899 0.15092491]
 [0.12328526 0.53993078 0.33678396]
 [0.07265106 0.65472942 0.27261953]
 [0.06412636 0.58513189 0.35074175]
 [0.30496119 0.65182544 0.04321337]
 [0.06471124 0.75853398 0.17675478]
 [0.23800196 0.68510527 0.07689277]
 [0.14926544 0.66228938 0.18844518]
 [0.07638132 0.62522423 0.29839446]
 [0.08020992 0.64851827 0.27127181]
 [0.7703085  0.19694905 0.03274245]
 [0.06559004 0.62826705 0.3061429 ]
 [0.07124402 0.56717959 0.3615764 ]
 [0.06540027 0.58687868 0.34772106]
 [0.10858022 0.36187187 0.52954791]
 [0.10702085 0.44543179 0.44754736]
 [0.08656669 0.77181736 0.14161594]
 [0.07602306 0.53092042 0.39305652]
 [0.12427448 0.79426382 0.0814617 ]
 [0.07764212 0.71222533 0.21013256]
 [0.14998811 0.33185667 0.51815522]
 [0.05501237 0.64645614 0.29853148]
 [0.49014563 0.43815159 0.07170278]
 [0.71129213 0.2402797  0.04842817]
 [0.16582706 0.37386358 0.46030935]
 [0.72497777 0.20566266 0.06935957]
 [0.13506764 0.68106552 0.18386684]
 [0.07574524 0.50996308 0.41429168]
 [0.08645042 0.52745477 0.38609481]
 [0.38433337 0.5081054  0.10756123]
 [0.38490319 0.57116474 0.04393207]
 [0.13085553 0.71480491 0.15433956]
 [0.32508128 0.22407984 0.45083888]
 [0.93364169 0.04889815 0.01746016]
 [0.07037026 0.63417494 0.2954548 ]
 [0.07581027 0.53363637 0.39055337]
 [0.07177548 0.6492537  0.27897082]
 [0.06364512 0.59534609 0.34100879]
 [0.2581813  0.67544065 0.06637804]
 [0.12956456 0.44787272 0.42256273]
 [0.0702724  0.63487479 0.29485281]
 [0.06342346 0.62865065 0.30792588]
 [0.63193074 0.32769761 0.04037165]
 [0.49051804 0.35833031 0.15115165]
 [0.17529094 0.33812951 0.48657955]
 [0.90101116 0.0744665  0.02452234]
 [0.0665879  0.57011426 0.36329784]
 [0.63341246 0.23231596 0.13427158]
 [0.05520809 0.53991574 0.40487617]
 [0.13350042 0.75033631 0.11616327]
 [0.10216295 0.47113081 0.42670624]
 [0.07986277 0.60955938 0.31057785]
 [0.09508465 0.47618655 0.4287288 ]
 [0.07529183 0.67315905 0.25154912]
 [0.75426521 0.19269628 0.05303851]
 [0.12325681 0.6230675  0.2536757 ]
 [0.08612221 0.5680195  0.34585829]
 [0.17541054 0.72761915 0.09697031]
 [0.70095308 0.23200412 0.0670428 ]
 [0.11289323 0.40781933 0.47928745]
 [0.63679811 0.33420539 0.02899649]
 [0.1089052  0.723604   0.1674908 ]
 [0.09818065 0.59565198 0.30616737]
 [0.07846131 0.67632685 0.24521184]
 [0.07892015 0.5972461  0.32383375]
 [0.05670071 0.52648568 0.41681361]
 [0.07432898 0.53943722 0.3862338 ]
 [0.36514114 0.24098965 0.39386921]
 [0.1114897  0.38997834 0.49853195]
 [0.07698397 0.47926482 0.44375121]
 [0.06367591 0.60218833 0.33413576]
 [0.68236593 0.27975188 0.0378822 ]
 [0.04634769 0.57011258 0.38353973]
 [0.08132294 0.46982072 0.44885635]
 [0.07054609 0.62883988 0.30061403]
 [0.13380226 0.43217736 0.43402038]
 [0.05581918 0.68661928 0.25756155]
 [0.08818116 0.51911981 0.39269903]
 [0.08845671 0.54162874 0.36991455]
 [0.09693699 0.5735     0.32956301]
 [0.69173323 0.27609593 0.03217083]
 [0.23760578 0.39623402 0.3661602 ]
 [0.08325552 0.55183437 0.36491011]
 [0.08087832 0.72887332 0.19024835]
 [0.46327258 0.43240132 0.1043261 ]
 [0.17676554 0.75751093 0.06572354]
 [0.07959151 0.52739316 0.39301533]
 [0.10485631 0.60901186 0.28613183]]","['% ADA Diff', '% Asian Diff', '% Black Diff', '% Grades 1-8 Diff', '% Grades 9-12 Diff', '% Hispanic Diff', '% On Campus 09/28/20', '% On Campus 10/30/20', '% Prek Diff', '% Reduced-price Lunch Diff', '% Tested Math G8 Diff', 'ARP ESSER III 21', 'CARES ESSER I 20', 'CRRSA ESSER II 21', 'Median Age 10']","LGBMClassifier(force_col_wise=True, is_unbalance=True, learning_rate=0.2,
               max_cat_threshold=32, max_depth=1, metric='multi_logloss',
               min_split_gain=0.1, min_sum_hessian_in_leaf=1, n_estimators=50,
               num_class=3, objective='multiclass', random_state=123,
               reg_alpha=0, reg_lambda=10, verbosity=-1)","              precision    recall  f1-score   support

           0       0.80      0.59      0.68        41
           1       0.64      0.86      0.73       103
           2       0.48      0.21      0.29        47

    accuracy                           0.64       191
   macro avg       0.64      0.55      0.57       191
weighted avg       0.63      0.64      0.61       191
",2.921875,25.413659811019897,777
8,LightGBM,51,4 or more,"{'reg_lambda': 0, 'reg_alpha': 10, 'n_estimators': 50, 'min_sum_hessian_in_leaf': 0.1, 'min_split_gain': 10, 'max_depth': 1, 'learning_rate': 0.2}",0.6243550051599588,0.6308900523560209,0.6282722513089005,0.4971528162052999,0.6282722513089005,0.3526963451995568,0.5347638673093804,"[[22 19  0]
 [ 5 98  0]
 [ 0 47  0]]","[1 1 1 1 1 0 1 1 1 1 1 1 1 0 1 1 1 1 1 1 1 1 1 1 1 1 1 1 1 1 0 1 1 1 1 1 1
 1 1 0 1 1 1 1 1 1 1 1 1 1 1 1 0 1 1 1 1 1 1 1 1 1 1 0 1 1 1 1 1 1 1 1 1 1
 0 1 1 1 1 1 1 1 0 0 1 1 1 0 1 1 1 0 1 1 0 1 1 1 1 1 0 1 1 1 1 1 1 1 1 1 1
 1 1 0 1 1 1 1 1 1 1 1 1 1 1 0 1 1 0 1 1 1 1 1 1 1 0 1 1 1 1 1 1 1 1 0 0 1
 0 1 0 1 1 1 1 1 1 0 1 1 1 0 1 0 1 1 1 1 1 1 1 1 1 1 0 1 1 1 1 1 1 1 1 0 0
 1 1 1 1 1 1]","[[0.15205604 0.66254005 0.18540391]
 [0.13254727 0.57753627 0.28991646]
 [0.24068964 0.59328628 0.16602407]
 [0.12881965 0.56129421 0.30988614]
 [0.12881965 0.56129421 0.30988614]
 [0.55836101 0.30714589 0.1344931 ]
 [0.13254727 0.57753627 0.28991646]
 [0.12881965 0.56129421 0.30988614]
 [0.25583573 0.5814519  0.16271236]
 [0.12881965 0.56129421 0.30988614]
