Model,n Selected,Method,best_params,Best Accuracy,Train Accuracy,Test Accuracy,Precision,Recall,MCC,F1,conf_mat,Prediction,predict_proba,Features,estimator,classification_report,Train Time CPU,Train Time Wall,n_iter
CatBoost,14,6 or more,"{'random_strength': 15, 'min_data_in_leaf': 5, 'learning_rate': 0.1, 'l2_leaf_reg': 1, 'iterations': 100, 'depth': 3}",0.5785517715858273,0.6007853403141361,0.6178010471204188,0.5644296366809456,0.6178010471204188,0.3262943792948966,0.5385154839288063,"[[24 17  2]
 [ 9 93  0]
 [ 0 45  1]]","[[0]
 [1]
 [1]
 [1]
 [1]
 [0]
 [1]
 [1]
 [0]
 [1]
 [1]
 [1]
 [1]
 [0]
 [1]
 [0]
 [1]
 [1]
 [1]
 [1]
 [1]
 [1]
 [1]
 [1]
 [1]
 [0]
 [1]
 [0]
 [1]
 [1]
 [0]
 [1]
 [1]
 [0]
 [1]
 [1]
 [0]
 [1]
 [1]
 [0]
 [1]
 [1]
 [1]
 [1]
 [1]
 [1]
 [1]
 [1]
 [2]
 [0]
 [1]
 [1]
 [0]
 [1]
 [1]
 [1]
 [2]
 [1]
 [0]
 [1]
 [1]
 [1]
 [1]
 [1]
 [1]
 [1]
 [1]
 [1]
 [0]
 [1]
 [1]
 [1]
 [1]
 [1]
 [1]
 [0]
 [1]
 [1]
 [1]
 [1]
 [1]
 [1]
 [0]
 [1]
 [1]
 [1]
 [1]
 [1]
 [1]
 [1]
 [1]
 [1]
 [1]
 [1]
 [1]
 [1]
 [1]
 [1]
 [1]
 [1]
 [1]
 [1]
 [1]
 [1]
 [1]
 [1]
 [1]
 [1]
 [1]
 [1]
 [1]
 [1]
 [1]
 [1]
 [1]
 [1]
 [0]
 [1]
 [1]
 [1]
 [0]
 [0]
 [1]
 [0]
 [0]
 [0]
 [1]
 [1]
 [1]
 [1]
 [0]
 [0]
 [1]
 [1]
 [1]
 [1]
 [1]
 [1]
 [1]
 [0]
 [1]
 [1]
 [1]
 [1]
 [0]
 [1]
 [1]
 [1]
 [0]
 [1]
 [1]
 [1]
 [1]
 [1]
 [1]
 [1]
 [1]
 [1]
 [1]
 [0]
 [1]
 [0]
 [1]
 [1]
 [1]
 [1]
 [1]
 [1]
 [1]
 [1]
 [1]
 [1]
 [2]
 [1]
 [1]
 [1]
 [0]
 [1]
 [1]
 [1]
 [1]
 [0]
 [1]
 [1]
 [1]
 [0]
 [1]
 [1]
 [1]
 [1]
 [1]]","[[0.56248806 0.27764243 0.15986951]
 [0.09481918 0.66780736 0.23737347]
 [0.42709609 0.51496382 0.05794009]
 [0.10047913 0.5822532  0.31726767]
 [0.13611581 0.6408957  0.22298849]
 [0.55256771 0.38388231 0.06354998]
 [0.12842799 0.65241238 0.21915963]
 [0.2140714  0.41601156 0.36991704]
 [0.58188367 0.37128012 0.04683621]
 [0.10077851 0.60469503 0.29452646]
 [0.11122501 0.54234287 0.34643212]
 [0.10507478 0.64197391 0.25295131]
 [0.15173898 0.49947535 0.34878567]
 [0.63752673 0.3119149  0.05055837]
 [0.1168277  0.65517089 0.22800141]
 [0.40637249 0.35393711 0.2396904 ]
 [0.16776697 0.49279026 0.33944278]
 [0.14506173 0.73086322 0.12407505]
 [0.18102845 0.65198739 0.16698417]
 [0.08686157 0.62583058 0.28730785]
 [0.12444935 0.47253108 0.40301957]
 [0.29200989 0.54434    0.16365011]
 [0.37597836 0.51123067 0.11279096]
 [0.12519775 0.65889007 0.21591218]
 [0.13105998 0.68967747 0.17926255]
 [0.64286433 0.31036792 0.04676775]
 [0.11429602 0.70527671 0.18042727]
 [0.63760152 0.32425885 0.03813963]
 [0.12200178 0.54049357 0.33750464]
 [0.15899085 0.4603256  0.38068355]
 [0.51449871 0.387669   0.09783229]
 [0.25431051 0.6479523  0.09773719]
 [0.19401451 0.46841865 0.33756685]
 [0.45463729 0.35348517 0.19187754]
 [0.11252344 0.53216766 0.3553089 ]
 [0.18038545 0.46564645 0.3539681 ]
 [0.58750036 0.28873652 0.12376312]
 [0.12294988 0.52459978 0.35245034]
 [0.14494912 0.49559475 0.35945613]
 [0.63144101 0.3246642  0.04389478]
 [0.19160393 0.55360593 0.25479014]
 [0.14312563 0.48722945 0.36964492]
 [0.1379643  0.68043866 0.18159704]
 [0.13506123 0.58654293 0.27839584]
 [0.33811848 0.5506628  0.11121872]
 [0.21962444 0.47676353 0.30361203]
 [0.08516981 0.60688022 0.30794997]
 [0.13812247 0.6403378  0.22153973]
 [0.17357394 0.40078107 0.42564499]
 [0.45506703 0.35156064 0.19337234]
 [0.13445747 0.61395497 0.25158756]
 [0.18512857 0.67717478 0.13769666]
 [0.70098499 0.25002635 0.04898866]
 [0.26232785 0.53336489 0.20430727]
 [0.16443255 0.52520733 0.31036012]
 [0.0918891  0.62577533 0.28233557]
 [0.12421714 0.43671414 0.43906873]
 [0.19003271 0.45869954 0.35126775]
 [0.40974252 0.38003522 0.21022226]
 [0.25444326 0.39897979 0.34657695]
 [0.18152851 0.50619621 0.31227528]
 [0.16882358 0.50506559 0.32611083]
 [0.09934537 0.58346751 0.31718712]
 [0.32183408 0.57607515 0.10209077]
 [0.12235786 0.6113781  0.26626404]
 [0.1369913  0.4876972  0.3753115 ]
 [0.12179396 0.73259348 0.14561255]
 [0.23117769 0.65327554 0.11554676]
 [0.49884548 0.44278472 0.0583698 ]
 [0.44995775 0.46515254 0.08488971]
 [0.1329146  0.71569723 0.15138817]
 [0.13037094 0.52706659 0.34256246]
 [0.19852318 0.44858475 0.35289208]
 [0.11526786 0.71069559 0.17403655]
 [0.11721963 0.58158713 0.30119324]
 [0.63889276 0.32479786 0.03630938]
 [0.18329882 0.44095186 0.37574932]
 [0.1859476  0.73037363 0.08367877]
 [0.12995207 0.60778768 0.26226026]
 [0.20702647 0.47487644 0.3180971 ]
 [0.24992824 0.54191202 0.20815974]
 [0.19352673 0.40738725 0.39908602]
 [0.59574635 0.30160034 0.10265331]
 [0.26350414 0.58173085 0.15476501]
 [0.22884781 0.65247371 0.11867848]
 [0.17311332 0.49196528 0.3349214 ]
 [0.46967374 0.48441171 0.04591455]
 [0.1215163  0.61268218 0.26580152]
 [0.09038083 0.66254355 0.24707562]
 [0.34067744 0.58669217 0.07263039]
 [0.15344605 0.7128751  0.13367885]
 [0.27268416 0.63451484 0.092801  ]
 [0.12354969 0.5352706  0.34117971]
 [0.47005509 0.47782544 0.05211947]
 [0.2274857  0.63478943 0.13772486]
 [0.14541033 0.67400647 0.1805832 ]
 [0.10577396 0.61634285 0.27788319]
 [0.15034245 0.49856425 0.35109329]
 [0.13381755 0.56476289 0.30141956]
 [0.19932764 0.42538748 0.37528487]
 [0.20803417 0.64388458 0.14808125]
 [0.19664501 0.43353709 0.3698179 ]
 [0.33544769 0.56462855 0.09992376]
 [0.28289845 0.53694749 0.18015405]
 [0.37094673 0.51672641 0.11232687]
 [0.1798623  0.45909601 0.36104169]
 [0.42038932 0.5220635  0.05754718]
 [0.18013236 0.64863346 0.17123418]
 [0.13364155 0.50200533 0.36435311]
 [0.22749427 0.44113171 0.33137403]
 [0.12815847 0.52334447 0.34849707]
 [0.40372824 0.49935392 0.09691784]
 [0.41655643 0.51040721 0.07303636]
 [0.14510742 0.59049923 0.26439335]
 [0.12382083 0.48260377 0.3935754 ]
 [0.14309067 0.49600063 0.36090871]
 [0.47391196 0.43800572 0.08808232]
 [0.21819838 0.54728481 0.23451681]
 [0.07711888 0.70130959 0.22157153]
 [0.17454545 0.49745445 0.3280001 ]
 [0.57248427 0.31331095 0.11420478]
 [0.49933105 0.43967225 0.0609967 ]
 [0.12397485 0.46409899 0.41192616]
 [0.43259973 0.43158782 0.13581246]
 [0.47374801 0.42010852 0.10614347]
 [0.69967215 0.2602496  0.04007825]
 [0.27407889 0.60400691 0.12191419]
 [0.15339431 0.69447226 0.15213342]
 [0.18414818 0.66393584 0.15191598]
 [0.147751   0.64116733 0.21108168]
 [0.57372558 0.36913359 0.05714083]
 [0.50131553 0.4381469  0.06053757]
 [0.28368412 0.58756312 0.12875276]
 [0.14571698 0.6941736  0.16010942]
 [0.26233591 0.65563227 0.08203182]
 [0.35128361 0.42656394 0.22215245]
 [0.36253573 0.57070399 0.06676028]
 [0.14640182 0.72953254 0.12406563]
 [0.36165076 0.57516117 0.06318807]
 [0.47760851 0.35461811 0.16777337]
 [0.11016364 0.70002801 0.18980835]
 [0.33435999 0.4191552  0.2464848 ]
 [0.1529387  0.69222455 0.15483675]
 [0.38893379 0.53440841 0.0766578 ]
 [0.74005192 0.22868717 0.03126091]
 [0.1673749  0.47046528 0.36215982]
 [0.19117435 0.44568074 0.36314491]
 [0.20395564 0.49404191 0.30200245]
 [0.49410947 0.46172874 0.04416179]
 [0.20868736 0.42545477 0.36585787]
 [0.18750252 0.47604027 0.33645721]
 [0.08787271 0.59342433 0.31870296]
 [0.16142785 0.52212485 0.3164473 ]
 [0.10158292 0.67114354 0.22727354]
 [0.16666094 0.66636915 0.16696991]
 [0.10520341 0.70085357 0.19394302]
 [0.14592298 0.67826702 0.17581   ]
 [0.17799482 0.7319937  0.09001148]
 [0.17825866 0.73479959 0.08694175]
 [0.60595226 0.34731018 0.04673756]
 [0.13697153 0.59269563 0.27033284]
 [0.61836821 0.31524723 0.06638456]
 [0.27507964 0.59084317 0.13407719]
 [0.19894482 0.54297344 0.25808174]
 [0.14315638 0.53012338 0.32672024]
 [0.10377579 0.55955299 0.33667122]
 [0.10021174 0.69378337 0.20600489]
 [0.26494774 0.46352795 0.27152431]
 [0.30578827 0.53693838 0.15727335]
 [0.33389735 0.39927176 0.2668309 ]
 [0.15061852 0.46878586 0.38059562]
 [0.22583003 0.43084029 0.34332967]
 [0.13054298 0.42768633 0.44177069]
 [0.20382503 0.6478984  0.14827657]
 [0.13890602 0.65215904 0.20893494]
 [0.16242986 0.46638129 0.37118885]
 [0.60538564 0.3368809  0.05773346]
 [0.15417501 0.49656481 0.34926018]
 [0.32818389 0.45570603 0.21611008]
 [0.22612876 0.57261899 0.20125225]
 [0.14790221 0.48904744 0.36305035]
 [0.4992169  0.39757037 0.10321273]
 [0.30907234 0.62578344 0.06514422]
 [0.25447858 0.41053453 0.33498688]
 [0.29066038 0.60169878 0.10764084]
 [0.49085286 0.45091601 0.05823113]
 [0.12721174 0.44673788 0.42605038]
 [0.14765815 0.58705488 0.26528697]
 [0.32775709 0.35818149 0.31406142]
 [0.16408914 0.47866855 0.35724231]
 [0.11707759 0.62588309 0.25703932]]","['% Black Diff', '% On Campus 01/29/21', '% On Campus 09/28/20', '% On Campus 10/30/20', '% Prek Diff', '% Reduced-price Lunch Diff', '% Tested Reading G4 Diff', '% Tested Reading G6 Diff', '% Tested Reading G7 Diff', 'ARP ESSER III 21', 'CARES ESSER I 20', 'CRRSA ESSER II 21', 'ESSER-SUPP 23', 'Unemployed Level Diff']",<catboost.core.CatBoostClassifier object at 0x00000299835A3160>,"              precision    recall  f1-score   support

           0       0.73      0.56      0.63        43
           1       0.60      0.91      0.72       102
           2       0.33      0.02      0.04        46

    accuracy                           0.62       191
   macro avg       0.55      0.50      0.47       191
weighted avg       0.56      0.62      0.54       191
",1.71875,246.33334612846375,100
XGBoost,90,No Reduction,"{'n_estimators': 200, 'min_child_weight': 0.001, 'max_depth': 1, 'learning_rate': 0.1, 'lambda': 10, 'gamma': 0.1, 'alpha': 0}",0.5811489508083935,0.6243455497382199,0.612565445026178,0.5386950437143452,0.612565445026178,0.31184626327466225,0.5346613056807081,"[[22 18  3]
 [ 7 94  1]
 [ 0 45  1]]","[0 1 1 1 1 0 1 1 0 1 1 1 1 0 1 1 1 1 1 1 2 1 1 1 1 0 1 1 2 1 0 1 1 1 1 1 0
 1 1 0 1 1 1 1 1 1 1 1 1 0 1 1 0 1 1 1 2 1 0 1 1 1 1 1 1 1 1 1 0 0 1 1 1 1
 1 0 1 1 1 1 1 2 0 1 1 1 0 1 1 1 1 1 1 1 1 1 1 1 1 2 1 1 1 1 0 1 1 1 1 1 1
 0 1 1 1 1 0 1 1 1 1 0 1 1 0 0 0 1 1 1 0 1 1 1 1 1 1 1 1 1 1 1 1 1 0 1 1 1
 1 1 1 1 1 1 1 1 1 1 1 0 1 0 1 1 1 1 1 1 1 1 1 1 1 1 1 1 0 1 1 1 1 0 1 1 1
 1 1 1 1 1 1]","[[0.6611348  0.23228039 0.10658486]
 [0.12655781 0.61951196 0.2539302 ]
 [0.4567053  0.47725445 0.06604019]
 [0.12411381 0.61393124 0.26195496]
 [0.09399386 0.63471025 0.27129588]
 [0.64121586 0.3140511  0.044733  ]
 [0.10702734 0.6446227  0.24834992]
 [0.2730557  0.37644443 0.3504998 ]
 [0.504912   0.42932355 0.06576442]
 [0.07421944 0.4961761  0.42960444]
 [0.08447994 0.54484314 0.37067688]
 [0.09398305 0.6182473  0.28776968]
 [0.15407349 0.52823055 0.31769598]
 [0.6815071  0.27421054 0.04428237]
 [0.215455   0.6169001  0.1676449 ]
 [0.35666505 0.47152168 0.17181332]
 [0.15252183 0.48939225 0.35808593]
 [0.14847545 0.7205667  0.13095787]
 [0.19293898 0.6841836  0.12287746]
 [0.09980834 0.6356176  0.26457405]
 [0.16830471 0.33796224 0.49373302]
 [0.28611878 0.53820056 0.17568065]
 [0.35908613 0.52817464 0.11273923]
 [0.11293852 0.68123686 0.20582458]
 [0.09695037 0.7023442  0.20070544]
 [0.6907309  0.27218515 0.03708395]
 [0.11145702 0.68591833 0.20262468]
 [0.44271764 0.4868885  0.07039384]
 [0.13431573 0.38940954 0.4762747 ]
 [0.16545579 0.53504264 0.29950157]
 [0.7152346  0.23560607 0.04915932]
 [0.23652193 0.66914725 0.09433085]
 [0.3526391  0.46582225 0.1815386 ]
 [0.38997713 0.395039   0.21498387]
 [0.0912954  0.4559885  0.45271614]
 [0.12891896 0.53481525 0.3362658 ]
 [0.7418953  0.17846768 0.07963704]
 [0.1508821  0.5101958  0.3389221 ]
 [0.12204294 0.6303241  0.24763297]
 [0.50542194 0.44527128 0.04930681]
 [0.12307087 0.6544521  0.22247705]
 [0.16869181 0.56010467 0.27120352]
 [0.11127134 0.7149885  0.17374013]
 [0.11583293 0.6027166  0.28145048]
 [0.24401821 0.6366929  0.11928891]
 [0.18333125 0.4324136  0.38425508]
 [0.15368631 0.586788   0.2595257 ]
 [0.08373269 0.5903492  0.32591808]
 [0.28139257 0.3610866  0.35752076]
 [0.64090884 0.25680056 0.1022906 ]
 [0.11043396 0.63105243 0.25851357]
 [0.14441608 0.7087052  0.1468787 ]
 [0.7472871  0.21426317 0.03844969]
 [0.12550157 0.6382888  0.23620969]
 [0.1897066  0.5240856  0.2862078 ]
 [0.08233355 0.70447665 0.21318977]
 [0.10265634 0.4388041  0.4585396 ]
 [0.21187016 0.44431493 0.34381494]
 [0.43985993 0.4157372  0.14440286]
 [0.1749502  0.52843165 0.29661813]
 [0.23401283 0.41213977 0.3538474 ]
 [0.1543719  0.57710165 0.26852638]
 [0.07941402 0.6783102  0.24227576]
 [0.4131221  0.45815504 0.12872282]
 [0.11192434 0.6932058  0.19486992]
 [0.1195666  0.58581495 0.2946185 ]
 [0.12735566 0.7314272  0.1412172 ]
 [0.30627    0.5244602  0.16926983]
 [0.4850927  0.44760057 0.06730676]
 [0.4762317  0.41453865 0.10922968]
 [0.11131921 0.7481745  0.14050631]
 [0.1375587  0.53327876 0.32916257]
 [0.15921552 0.4761474  0.36463708]
 [0.10988823 0.690707   0.1994047 ]
 [0.16005272 0.5644847  0.2754626 ]
 [0.63076854 0.3248583  0.04437316]
 [0.17658934 0.5966429  0.22676775]
 [0.15718788 0.7473923  0.09541982]
 [0.14530449 0.52917546 0.32552007]
 [0.15224724 0.5020128  0.34574   ]
 [0.30152565 0.4630622  0.23541217]
 [0.2470063  0.35497186 0.39802185]
 [0.7090019  0.21951216 0.07148591]
 [0.28164494 0.57024544 0.14810961]
 [0.28174916 0.6325857  0.08566514]
 [0.22363223 0.40911466 0.36725315]
 [0.63430214 0.3268048  0.03889314]
 [0.09785517 0.6519645  0.2501803 ]
 [0.09872837 0.5804265  0.32084507]
 [0.3117164  0.60763246 0.08065113]
 [0.16826674 0.66738105 0.16435224]
 [0.23791479 0.69410443 0.06798081]
 [0.11067946 0.6198933  0.2694272 ]
 [0.40763113 0.5150838  0.07728508]
 [0.23704821 0.60393775 0.159014  ]
 [0.11902333 0.6381216  0.24285504]
 [0.09317162 0.70906144 0.19776696]
 [0.16039407 0.49749315 0.3421128 ]
 [0.10740185 0.6298134  0.26278475]
 [0.23609993 0.3025539  0.46134615]
 [0.20431414 0.6329088  0.16277705]
 [0.16017574 0.533481   0.3063433 ]
 [0.35185653 0.5634221  0.08472142]
 [0.17556052 0.5314564  0.29298308]
 [0.5530499  0.33047304 0.11647701]
 [0.28648856 0.47433904 0.23917237]
 [0.44026816 0.5056683  0.05406353]
 [0.14066623 0.6729165  0.18641731]
 [0.15211579 0.45285293 0.39503127]
 [0.2617788  0.4352289  0.30299225]
 [0.1312403  0.5122772  0.35648245]
 [0.47298914 0.42392674 0.10308415]
 [0.41455868 0.4847885  0.10065275]
 [0.11018518 0.66445535 0.22535948]
 [0.13664423 0.5110975  0.35225827]
 [0.12013394 0.49735963 0.3825064 ]
 [0.45190415 0.4467762  0.10131962]
 [0.17964366 0.58290356 0.23745278]
 [0.1274845  0.6049271  0.26758835]
 [0.23653656 0.39705166 0.36641178]
 [0.3383638  0.5256266  0.13600962]
 [0.48129162 0.46133882 0.05736955]
 [0.14469483 0.5410445  0.31426066]
 [0.4094487  0.4189411  0.17161018]
 [0.46814564 0.4086234  0.12323099]
 [0.6127727  0.3072666  0.07996065]
 [0.48438308 0.41171747 0.1038995 ]
 [0.17679301 0.6655317  0.15767531]
 [0.12362099 0.70775026 0.16862872]
 [0.1485246  0.6114277  0.24004771]
 [0.63139975 0.32708243 0.0415178 ]
 [0.36749694 0.56765616 0.06484692]
 [0.24996054 0.55635047 0.19368902]
 [0.11862931 0.652688   0.22868267]
 [0.21417013 0.68956614 0.09626371]
 [0.40344113 0.43508476 0.16147408]
 [0.3632204  0.5726873  0.06409229]
 [0.11598467 0.7796613  0.10435401]
 [0.31351247 0.61610585 0.07038163]
 [0.38877037 0.46687338 0.1443563 ]
 [0.13876244 0.6782641  0.1829735 ]
 [0.24378303 0.50759566 0.24862128]
 [0.13535681 0.7137307  0.15091252]
 [0.3847792  0.537254   0.07796682]
 [0.711306   0.24022645 0.04846755]
 [0.1941986  0.5120355  0.29376596]
 [0.15077527 0.52913475 0.32008997]
 [0.14992158 0.6674048  0.18267366]
 [0.42128882 0.51331174 0.06539945]
 [0.31974474 0.39687276 0.28338248]
 [0.14693984 0.5207951  0.33226505]
 [0.10852838 0.6755304  0.21594128]
 [0.12059696 0.5774433  0.30195978]
 [0.10814619 0.6178433  0.27401054]
 [0.13777645 0.73160446 0.13061911]
 [0.09776263 0.68195575 0.22028159]
 [0.12527953 0.73553956 0.13918094]
 [0.12949324 0.7414141  0.12909262]
 [0.11430745 0.76838684 0.11730576]
 [0.61075705 0.33767915 0.0515638 ]
 [0.11309199 0.60452724 0.2823808 ]
 [0.64364326 0.30049103 0.05586566]
 [0.3446429  0.55160826 0.10374881]
 [0.1566933  0.5672884  0.27601832]
 [0.13789853 0.6199523  0.24214913]
 [0.10337251 0.651705   0.24492246]
 [0.1011239  0.67093635 0.22793972]
 [0.26156396 0.51049453 0.22794157]
 [0.34844512 0.38071093 0.27084395]
 [0.24538058 0.38523772 0.36938167]
 [0.27833784 0.40069476 0.32096738]
 [0.17624542 0.4824925  0.3412621 ]
 [0.16566062 0.51132387 0.32301545]
 [0.22585234 0.5782028  0.19594489]
 [0.12149703 0.6840836  0.19441935]
 [0.14516431 0.48111486 0.3737208 ]
 [0.7108052  0.2526812  0.0365136 ]
 [0.1934628  0.4308894  0.37564778]
 [0.34378096 0.5497515  0.10646753]
 [0.1885863  0.63629764 0.17511609]
 [0.20420302 0.5471658  0.24863118]
 [0.62725973 0.28756136 0.08517888]
 [0.376724   0.54853755 0.07473839]
 [0.18080385 0.4353861  0.38381   ]
 [0.3897677  0.51330876 0.09692349]
 [0.43804148 0.4839718  0.07798671]
 [0.12109414 0.51481414 0.3640917 ]
 [0.16865396 0.5482216  0.28312448]
 [0.31402057 0.4176125  0.26836693]
 [0.16818006 0.49495387 0.33686608]
 [0.11174858 0.60926    0.27899143]]","['Labor Force Diff', 'Employed Diff', 'Unemployed Level Diff', 'Unemployed Rate Diff', 'Median Age 10', 'Median Age Male 10', 'Median Age Female 10', '# of Households 10', 'Avg Household Size 10', '# of Families 10', 'Avg Family Size 10', '# of Housing Units 10', 'County Population', 'CARES ESSER I 20', 'CRRSA ESSER II 21', 'ARP ESSER III 21', 'ESSER-SUPP 22', 'ESSER-SUPP 23', '% County Infected 09/28/20', '% County Deaths 09/28/20', '% County Infected 10/30/20', '% County Deaths 10/30/20', '% County Infected 01/29/21', '% County Deaths 01/29/21', '% On Campus 09/28/20', '% On Campus 10/30/20', '% On Campus 01/29/21', '% White Pop 10', '% Black Pop 10', '% Asian Pop 10', '% Hispanic Pop 10', '% Male Pop 10', '% Female Pop 10', '% Age 0-4 Pop 10', '% Age 5-9 Pop 10', '% Age 10-14 Pop 10', '% Age 15-19 Pop 10', '% Age 20-24 Pop 10', '% Age 25-34 Pop 10', '% Age 35-44 Pop 10', '% Age 45-54 Pop 10', '% Age 55-64 Pop 10', '% Age 65-74 Pop 10', '% Age 75-84 Pop 10', '% Age 85-Up Pop 10', '% HH 1 Male 10', '% HH 1 Female 10', '% HH Married-Child 10', '% HH Married-noChild 10', '% HH Male-Child 10', '% HH Female-Child 10', '% Housing Vacant 10', '% Housing Owner Occup 10', '% Housing Renter Occup 10', 'Total Schools Diff', 'Total Students Diff', '% Operational Schools Diff', '% Title 1 School-wide Diff', '% Title 1 Eligible Diff', 'Teachers:Students Diff', 'Staff:Students Diff', '% Free Lunch Diff', '% Reduced-price Lunch Diff', '% Asian Diff', '% Hispanic Diff', '% Black Diff', '% White Diff', '% Grades 1-8 Diff', '% Grades 9-12 Diff', '% Prek Diff', '% Kinder Diff', '% ADA Diff', '% Tested Reading G3 Diff', '% Tested Reading G4 Diff', '% Tested Reading G5 Diff', '% Tested Reading G6 Diff', '% Tested Reading G7 Diff', '% Tested Reading G8 Diff', 'Locale_11-City: Large', 'Locale_12-City: Mid-size', 'Locale_13-City: Small', 'Locale_21-Suburb: Large', 'Locale_22-Suburb: Mid-size', 'Locale_23-Suburb: Small', 'Locale_31-Town: Fringe', 'Locale_32-Town: Distant', 'Locale_33-Town: Remote', 'Locale_41-Rural: Fringe', 'Locale_42-Rural: Distant', 'Locale_43-Rural: Remote']","XGBClassifier(alpha=0, base_score=0.5, booster='gbtree', callbacks=None,
              colsample_bylevel=1, colsample_bynode=1, colsample_bytree=1,
              early_stopping_rounds=20, enable_categorical=True,
              eval_metric='mlogloss', gamma=0.1, gpu_id=-1,
              grow_policy='depthwise', importance_type=None,
              interaction_constraints='', lambda=10, learning_rate=0.1,
              max_bin=256, max_cat_to_onehot=4, max_delta_step=0, max_depth=1,
              max_leaves=0, min_child_weight=0.001, missing=nan,
              monotone_constraints='()', n_estimators=200, n_jobs=0,
              num_class=3, num_parallel_tree=1, objective='multi:softprob', ...)","              precision    recall  f1-score   support

           0       0.76      0.51      0.61        43
           1       0.60      0.92      0.73       102
           2       0.20      0.02      0.04        46

    accuracy                           0.61       191
   macro avg       0.52      0.48      0.46       191
weighted avg       0.54      0.61      0.53       191
",46.140625,834.6768786907196,777
LightGBM,90,No Reduction,"{'reg_lambda': 0, 'reg_alpha': 0.1, 'n_estimators': 50, 'min_sum_hessian_in_leaf': 1, 'min_split_gain': 0.1, 'max_depth': 1, 'learning_rate': 0.3}",0.5824475404196766,0.6099476439790575,0.6020942408376964,0.48259162303664926,0.6020942408376964,0.2881076542342026,0.5163741330521798,"[[21 20  2]
 [ 7 94  1]
 [ 0 46  0]]","[0 1 0 1 1 0 1 1 0 1 1 1 1 0 1 1 1 1 1 1 2 1 1 1 1 0 1 1 1 1 0 1 1 1 1 1 0
 1 1 1 1 1 1 1 1 1 1 1 1 0 1 1 0 1 1 1 2 1 1 1 1 1 1 0 1 1 1 1 1 0 1 1 1 1
 1 0 1 1 1 1 1 1 0 1 1 1 0 1 1 1 1 1 1 1 1 1 1 1 1 2 1 1 1 1 0 1 1 1 1 1 1
 0 1 1 1 1 1 1 1 1 1 0 1 1 0 0 0 1 1 1 0 1 1 1 1 1 1 1 1 1 1 1 1 1 0 1 1 1
 1 1 1 1 1 1 1 1 1 1 1 0 1 0 1 1 1 1 1 1 1 1 1 1 1 1 1 1 0 1 1 1 1 0 1 1 1
 0 1 1 1 1 1]","[[0.57378156 0.31918035 0.10703809]
 [0.13401722 0.61875091 0.24723186]
 [0.47456201 0.45803286 0.06740513]
 [0.14689022 0.59413522 0.25897457]
 [0.11627391 0.61545747 0.26826862]
 [0.68133797 0.27245769 0.04620434]
 [0.11206269 0.65659582 0.23134149]
 [0.21071441 0.45688379 0.33240179]
 [0.48864462 0.45149798 0.0598574 ]
 [0.10044729 0.51335139 0.38620131]
 [0.1090284  0.54852835 0.34244325]
 [0.10512654 0.55490055 0.33997291]
 [0.141612   0.56604511 0.29234289]
 [0.64018161 0.31769936 0.04211903]
 [0.25168105 0.61708004 0.13123891]
 [0.33130014 0.46990199 0.19879787]
 [0.15265079 0.53221792 0.31513129]
 [0.17237179 0.69720198 0.13042623]
 [0.1863029  0.64345543 0.17024166]
 [0.11504123 0.58793597 0.2970228 ]
 [0.16433561 0.30421295 0.53145144]
 [0.28979612 0.53795556 0.17224832]
 [0.33383852 0.53037716 0.13578432]
 [0.11206269 0.65659582 0.23134149]
 [0.10909414 0.6392025  0.25170336]
 [0.71414364 0.24440867 0.04144769]
 [0.11150368 0.65332044 0.23517588]
 [0.41360168 0.51775667 0.06864165]
 [0.12273212 0.44318797 0.43407991]
 [0.14196963 0.56747461 0.29055576]
 [0.69744939 0.23869522 0.06385539]
 [0.24485218 0.66675297 0.08839485]
 [0.33063131 0.47037198 0.19899671]
 [0.3242479  0.4598994  0.2158527 ]
 [0.11852092 0.4737465  0.40773257]
 [0.14454562 0.52195691 0.33349747]
 [0.69142709 0.23107965 0.07749326]
 [0.15855935 0.502426   0.33901464]
 [0.1574231  0.55216641 0.29041049]
 [0.45489853 0.48736292 0.05773855]
 [0.15367918 0.60721385 0.23910696]
 [0.17755962 0.54234025 0.28010014]
 [0.11436495 0.67008514 0.21554992]
 [0.11627391 0.61545747 0.26826862]
 [0.23517857 0.62242391 0.14239752]
 [0.16237017 0.49676068 0.34086915]
 [0.16378605 0.57784159 0.25837235]
 [0.09791923 0.51685741 0.38522337]
 [0.2727629  0.36433642 0.36290068]
 [0.65340006 0.25076584 0.0958341 ]
 [0.12843471 0.60698827 0.26457702]
 [0.14740942 0.67460529 0.17798529]
 [0.75278638 0.20519353 0.0420201 ]
 [0.18466965 0.58677442 0.22855592]
 [0.1951513  0.53317132 0.27167739]
 [0.1011752  0.6653921  0.2334327 ]
 [0.1275788  0.42119953 0.45122167]
 [0.19708778 0.52508157 0.27783065]
 [0.40861366 0.44286891 0.14851743]
 [0.18301303 0.55899721 0.25798976]
 [0.21670551 0.4292375  0.354057  ]
 [0.16449182 0.52122419 0.31428399]
 [0.10592026 0.6206062  0.27347354]
 [0.44741449 0.42675593 0.12582958]
 [0.12060651 0.63094266 0.24845083]
 [0.141612   0.56604511 0.29234289]
 [0.13391368 0.70882778 0.15725854]
 [0.31432586 0.47091322 0.21476092]
 [0.44535624 0.4895589  0.06508486]
 [0.46264154 0.40795119 0.12940727]
 [0.12432063 0.72841729 0.14726208]
 [0.1570875  0.51862208 0.32429042]
 [0.13922093 0.50132716 0.35945191]
 [0.1139175  0.6674635  0.218619  ]
 [0.17879183 0.56188543 0.25932274]
 [0.65880504 0.28677337 0.05442159]
 [0.17568665 0.60575261 0.21856074]
 [0.14450328 0.76488031 0.09061641]
 [0.13018555 0.60106025 0.2687542 ]
 [0.11312176 0.52104929 0.36582895]
 [0.28396755 0.47852539 0.23750706]
 [0.26534193 0.40456282 0.33009525]
 [0.69747833 0.21504406 0.08747761]
 [0.2631207  0.57553668 0.16134262]
 [0.24147464 0.63908708 0.11943827]
 [0.230729   0.44806455 0.32120644]
 [0.67386676 0.26947006 0.05666318]
 [0.10592026 0.6206062  0.27347354]
 [0.12174754 0.56391478 0.31433768]
 [0.28838057 0.59956702 0.11205241]
 [0.16484656 0.66676428 0.16838916]
 [0.22427824 0.69355532 0.08216644]
 [0.14653477 0.57226057 0.28120466]
 [0.41870309 0.50628169 0.07501522]
 [0.22255764 0.63706517 0.14037719]
 [0.11901503 0.62996668 0.2510183 ]
 [0.11206269 0.65659582 0.23134149]
 [0.16481705 0.53139069 0.30379226]
 [0.11879494 0.60711988 0.27408518]
 [0.24303329 0.33381939 0.42314732]
 [0.25281899 0.55300327 0.19417774]
 [0.15216243 0.53371444 0.31412313]
 [0.34654375 0.55056228 0.10289397]
 [0.18957438 0.52709973 0.28332589]
 [0.54194691 0.34787223 0.11018085]
 [0.2596133  0.46873715 0.27164955]
 [0.35319084 0.57829747 0.06851169]
 [0.14804233 0.66282614 0.18913153]
 [0.15706858 0.48054082 0.3623906 ]
 [0.23363482 0.44605967 0.32030551]
 [0.1319429  0.52739621 0.34066089]
 [0.50644274 0.38650171 0.10705555]
 [0.40028821 0.5092196  0.09049219]
 [0.12186403 0.62656066 0.25157531]
 [0.1319429  0.52739621 0.34066089]
 [0.13865756 0.500695   0.36064744]
 [0.43265909 0.46134287 0.10599804]
 [0.16773962 0.5987438  0.23351658]
 [0.14620083 0.59134683 0.26245234]
 [0.24535223 0.45059964 0.30404814]
 [0.30666567 0.54746868 0.14586565]
 [0.49177616 0.45439146 0.05383237]
 [0.15489958 0.55934526 0.28575516]
 [0.33543021 0.49477728 0.1697925 ]
 [0.47027936 0.39145723 0.13826341]
 [0.62371173 0.29836895 0.07791932]
 [0.48214339 0.40133276 0.11652385]
 [0.17080548 0.69086665 0.13832787]
 [0.11701956 0.68563901 0.19734143]
 [0.15446201 0.60614149 0.2393965 ]
 [0.64602343 0.31648247 0.03749411]
 [0.36010835 0.57211268 0.06777897]
 [0.21877728 0.59673873 0.18448399]
 [0.11922451 0.62931535 0.25146014]
 [0.20958853 0.66595237 0.1244591 ]
 [0.34554157 0.49010143 0.164357  ]
 [0.36010835 0.57211268 0.06777897]
 [0.12416261 0.72749145 0.14834594]
 [0.30071622 0.62521385 0.07406993]
 [0.34554157 0.49010143 0.164357  ]
 [0.12820247 0.67859735 0.19320018]
 [0.25203685 0.45505772 0.29290544]
 [0.14804233 0.66282614 0.18913153]
 [0.37851968 0.54175452 0.0797258 ]
 [0.68840079 0.26859853 0.04300068]
 [0.1890536  0.5367398  0.2742066 ]
 [0.14454562 0.52195691 0.33349747]
 [0.1413881  0.64261525 0.21599665]
 [0.36010835 0.57211268 0.06777897]
 [0.29149056 0.4875615  0.22094793]
 [0.1319429  0.52739621 0.34066089]
 [0.12495746 0.66142101 0.21362153]
 [0.13400047 0.55683195 0.30916757]
 [0.11820458 0.60410275 0.27769267]
 [0.16757636 0.66212409 0.17029955]
 [0.11206269 0.65659582 0.23134149]
 [0.12820247 0.67859735 0.19320018]
 [0.13697494 0.72503152 0.13799354]
 [0.12552757 0.73548902 0.13898341]
 [0.58627003 0.36530024 0.04842972]
 [0.11267541 0.59641005 0.29091454]
 [0.62265253 0.3179299  0.05941757]
 [0.33783019 0.53671882 0.12545099]
 [0.17460233 0.55478623 0.27061144]
 [0.14910443 0.59599351 0.25490206]
 [0.13811539 0.61838048 0.24350413]
 [0.11150368 0.65332044 0.23517588]
 [0.26589772 0.48008381 0.25401847]
 [0.2710057  0.46683013 0.26216416]
 [0.19562832 0.44659082 0.35778086]
 [0.30490236 0.43209272 0.26300491]
 [0.14816765 0.53503613 0.31679622]
 [0.15735781 0.54255633 0.30008586]
 [0.19781495 0.61589108 0.18629398]
 [0.12555239 0.66271644 0.21173117]
 [0.14147498 0.49325341 0.36527161]
 [0.69618374 0.27163526 0.032181  ]
 [0.19637659 0.46171047 0.34191294]
 [0.32572391 0.54873667 0.12553943]
 [0.20154323 0.60851529 0.18994148]
 [0.2528939  0.4703039  0.2768022 ]
 [0.58616933 0.30087025 0.11296042]
 [0.37851968 0.54175452 0.0797258 ]
 [0.14622353 0.47567758 0.37809889]
 [0.36185902 0.51790903 0.12023195]
 [0.47430694 0.45677929 0.06891378]
 [0.14147498 0.49325341 0.36527161]
 [0.16378605 0.57784159 0.25837235]
 [0.26615691 0.50210867 0.23173443]
 [0.158291   0.51493409 0.32677491]
 [0.11286316 0.59573756 0.29139928]]","['Labor Force Diff', 'Employed Diff', 'Unemployed Level Diff', 'Unemployed Rate Diff', 'Median Age 10', 'Median Age Male 10', 'Median Age Female 10', '# of Households 10', 'Avg Household Size 10', '# of Families 10', 'Avg Family Size 10', '# of Housing Units 10', 'County Population', 'CARES ESSER I 20', 'CRRSA ESSER II 21', 'ARP ESSER III 21', 'ESSER-SUPP 22', 'ESSER-SUPP 23', '% County Infected 09/28/20', '% County Deaths 09/28/20', '% County Infected 10/30/20', '% County Deaths 10/30/20', '% County Infected 01/29/21', '% County Deaths 01/29/21', '% On Campus 09/28/20', '% On Campus 10/30/20', '% On Campus 01/29/21', '% White Pop 10', '% Black Pop 10', '% Asian Pop 10', '% Hispanic Pop 10', '% Male Pop 10', '% Female Pop 10', '% Age 0-4 Pop 10', '% Age 5-9 Pop 10', '% Age 10-14 Pop 10', '% Age 15-19 Pop 10', '% Age 20-24 Pop 10', '% Age 25-34 Pop 10', '% Age 35-44 Pop 10', '% Age 45-54 Pop 10', '% Age 55-64 Pop 10', '% Age 65-74 Pop 10', '% Age 75-84 Pop 10', '% Age 85-Up Pop 10', '% HH 1 Male 10', '% HH 1 Female 10', '% HH Married-Child 10', '% HH Married-noChild 10', '% HH Male-Child 10', '% HH Female-Child 10', '% Housing Vacant 10', '% Housing Owner Occup 10', '% Housing Renter Occup 10', 'Total Schools Diff', 'Total Students Diff', '% Operational Schools Diff', '% Title 1 School-wide Diff', '% Title 1 Eligible Diff', 'Teachers:Students Diff', 'Staff:Students Diff', '% Free Lunch Diff', '% Reduced-price Lunch Diff', '% Asian Diff', '% Hispanic Diff', '% Black Diff', '% White Diff', '% Grades 1-8 Diff', '% Grades 9-12 Diff', '% Prek Diff', '% Kinder Diff', '% ADA Diff', '% Tested Reading G3 Diff', '% Tested Reading G4 Diff', '% Tested Reading G5 Diff', '% Tested Reading G6 Diff', '% Tested Reading G7 Diff', '% Tested Reading G8 Diff', 'Locale_11-City: Large', 'Locale_12-City: Mid-size', 'Locale_13-City: Small', 'Locale_21-Suburb: Large', 'Locale_22-Suburb: Mid-size', 'Locale_23-Suburb: Small', 'Locale_31-Town: Fringe', 'Locale_32-Town: Distant', 'Locale_33-Town: Remote', 'Locale_41-Rural: Fringe', 'Locale_42-Rural: Distant', 'Locale_43-Rural: Remote']","LGBMClassifier(force_col_wise=True, is_unbalance=True, learning_rate=0.3,
               max_cat_threshold=32, max_depth=1, metric='multi_logloss',
               min_split_gain=0.1, min_sum_hessian_in_leaf=1, n_estimators=50,
               num_class=3, objective='multiclass', random_state=123,
               reg_alpha=0.1, reg_lambda=0, verbosity=-1)","              precision    recall  f1-score   support

           0       0.75      0.49      0.59        43
           1       0.59      0.92      0.72       102
           2       0.00      0.00      0.00        46

    accuracy                           0.60       191
   macro avg       0.45      0.47      0.44       191
weighted avg       0.48      0.60      0.52       191
",6.421875,58.87148642539978,777
CatBoost,57,4 or more,"{'random_strength': 0, 'min_data_in_leaf': 1, 'learning_rate': 0.3, 'l2_leaf_reg': 10, 'iterations': 50, 'depth': 3}",0.5837461300309598,0.6976439790575916,0.5863874345549738,0.5581118453905313,0.5863874345549738,0.27496861153430835,0.5569213025980971,"[[25 15  3]
 [13 79 10]
 [ 1 37  8]]","[[0]
 [1]
 [0]
 [1]
 [1]
 [0]
 [1]
 [2]
 [0]
 [2]
 [1]
 [1]
 [1]
 [0]
 [1]
 [1]
 [1]
 [1]
 [1]
 [1]
 [2]
 [1]
 [1]
 [1]
 [1]
 [0]
 [1]
 [0]
 [2]
 [1]
 [0]
 [1]
 [1]
 [0]
 [2]
 [1]
 [0]
 [1]
 [1]
 [0]
 [1]
 [1]
 [1]
 [1]
 [1]
 [1]
 [1]
 [1]
 [2]
 [0]
 [1]
 [1]
 [0]
 [1]
 [1]
 [1]
 [2]
 [2]
 [0]
 [1]
 [1]
 [1]
 [1]
 [1]
 [1]
 [1]
 [1]
 [1]
 [1]
 [0]
 [1]
 [1]
 [1]
 [1]
 [1]
 [0]
 [1]
 [1]
 [1]
 [1]
 [1]
 [2]
 [0]
 [1]
 [1]
 [2]
 [0]
 [1]
 [1]
 [1]
 [1]
 [1]
 [1]
 [1]
 [1]
 [1]
 [1]
 [2]
 [1]
 [2]
 [1]
 [1]
 [1]
 [1]
 [0]
 [0]
 [1]
 [1]
 [2]
 [1]
 [1]
 [0]
 [0]
 [1]
 [1]
 [2]
 [0]
 [1]
 [1]
 [2]
 [0]
 [0]
 [1]
 [0]
 [0]
 [0]
 [0]
 [1]
 [1]
 [1]
 [0]
 [0]
 [1]
 [1]
 [1]
 [1]
 [1]
 [1]
 [1]
 [1]
 [1]
 [1]
 [1]
 [1]
 [0]
 [1]
 [1]
 [1]
 [0]
 [1]
 [1]
 [1]
 [2]
 [1]
 [1]
 [1]
 [1]
 [1]
 [1]
 [0]
 [1]
 [0]
 [1]
 [1]
 [1]
 [1]
 [1]
 [0]
 [1]
 [1]
 [2]
 [2]
 [1]
 [1]
 [1]
 [2]
 [0]
 [2]
 [1]
 [1]
 [1]
 [0]
 [1]
 [2]
 [1]
 [0]
 [1]
 [1]
 [1]
 [1]
 [1]]","[[0.56854288 0.31603213 0.11542499]
 [0.09040079 0.66962665 0.23997256]
 [0.48154921 0.45402327 0.06442752]
 [0.10214286 0.61507262 0.28278452]
 [0.09108169 0.70151384 0.20740447]
 [0.635211   0.30255087 0.06223813]
 [0.09781303 0.71467162 0.18751536]
 [0.25707268 0.21844402 0.52448331]
 [0.70647442 0.24718513 0.04634045]
 [0.07114851 0.38463168 0.54421981]
 [0.06517867 0.50127979 0.43354155]
 [0.07545144 0.61733397 0.30721459]
 [0.12275353 0.58153201 0.29571445]
 [0.69946424 0.25889817 0.04163759]
 [0.19069203 0.70030406 0.10900391]
 [0.36869155 0.43450572 0.19680273]
 [0.12783574 0.50234628 0.36981798]
 [0.16113638 0.72908255 0.10978107]
 [0.17847885 0.67646999 0.14505116]
 [0.09608126 0.68607854 0.2178402 ]
 [0.12350675 0.30231018 0.57418307]
 [0.30060913 0.5880356  0.11135527]
 [0.42925203 0.49378702 0.07696095]
 [0.11776561 0.71379192 0.16844248]
 [0.0554996  0.81442944 0.13007096]
 [0.81002099 0.15679564 0.03318338]
 [0.08759667 0.66778135 0.24462198]
 [0.54237268 0.39878623 0.05884109]
 [0.10569021 0.44218894 0.45212085]
 [0.115859   0.57398748 0.31015352]
 [0.55563435 0.36902601 0.07533964]
 [0.13835723 0.74994803 0.11169474]
 [0.30209469 0.45075146 0.24715386]
 [0.55535877 0.2520422  0.19259904]
 [0.08224109 0.37029357 0.54746534]
 [0.1342019  0.44161258 0.42418552]
 [0.76537549 0.16018207 0.07444244]
 [0.10473922 0.53422744 0.36103334]
 [0.11235673 0.66656028 0.22108298]
 [0.64561827 0.31493622 0.03944551]
 [0.09174656 0.73801062 0.17024282]
 [0.21347438 0.44954421 0.33698141]
 [0.07380317 0.81068873 0.1155081 ]
 [0.06936072 0.66715094 0.26348835]
 [0.32658953 0.5799517  0.09345878]
 [0.18010327 0.53306513 0.2868316 ]
 [0.12307449 0.56863126 0.30829425]
 [0.07198844 0.59379036 0.3342212 ]
 [0.31865953 0.3367726  0.34456787]
 [0.47204436 0.3892692  0.13868645]
 [0.08931471 0.70045434 0.21023095]
 [0.14910536 0.69727102 0.15362362]
 [0.8112367  0.15294053 0.03582278]
 [0.07775692 0.70973687 0.21250621]
 [0.17268612 0.45569723 0.37161665]
 [0.0817362  0.70046573 0.21779807]
 [0.1665163  0.16247045 0.67101325]
 [0.24868278 0.32894583 0.42237139]
 [0.49511763 0.38402382 0.12085856]
 [0.21902911 0.44828388 0.33268701]
 [0.29713481 0.35391174 0.34895345]
 [0.06534281 0.61931972 0.31533747]
 [0.06871051 0.72704708 0.20424241]
 [0.33585286 0.53740212 0.12674501]
 [0.07023321 0.80064223 0.12912456]
 [0.08800674 0.71825644 0.19373683]
 [0.09580849 0.73789376 0.16629775]
 [0.35348028 0.44733862 0.1991811 ]
 [0.4365442  0.49622134 0.06723446]
 [0.4962695  0.39346206 0.11026845]
 [0.07134597 0.80727068 0.12138334]
 [0.11996439 0.59110792 0.28892768]
 [0.29801193 0.45315557 0.2488325 ]
 [0.10552257 0.75414059 0.14033683]
 [0.13120123 0.62908637 0.23971241]
 [0.8156827  0.14700409 0.03731322]
 [0.22646111 0.42498055 0.34855835]
 [0.11395092 0.77568782 0.11036126]
 [0.16589622 0.54852001 0.28558378]
 [0.13386478 0.43800026 0.42813496]
 [0.31461392 0.48195071 0.20343537]
 [0.19500422 0.34205126 0.46294453]
 [0.73312196 0.2199251  0.04695295]
 [0.37746283 0.50110303 0.12143414]
 [0.32948646 0.57169524 0.0988183 ]
 [0.25030007 0.32985467 0.41984526]
 [0.66792371 0.29174867 0.04032762]
 [0.09770681 0.68045434 0.22183885]
 [0.06815125 0.52509508 0.40675367]
 [0.32819207 0.60802946 0.06377847]
 [0.18395244 0.70399116 0.11205639]
 [0.21150205 0.70907102 0.07942694]
 [0.10885397 0.58294105 0.30820498]
 [0.40953016 0.49827084 0.092199  ]
 [0.21063976 0.68655691 0.10280333]
 [0.0883143  0.71890294 0.19278276]
 [0.06839283 0.82834921 0.10325796]
 [0.21166872 0.39182501 0.39650626]
 [0.13013116 0.59335644 0.2765124 ]
 [0.25019492 0.28662182 0.46318325]
 [0.29223996 0.51092951 0.19683053]
 [0.18766205 0.41316222 0.39917573]
 [0.38239222 0.55692812 0.06067966]
 [0.19490015 0.52995106 0.27514879]
 [0.55520854 0.38453638 0.06025508]
 [0.42357001 0.2767174  0.29971259]
 [0.32799686 0.60517307 0.06683007]
 [0.10344822 0.66371073 0.23284105]
 [0.17406046 0.40952004 0.4164195 ]
 [0.22023823 0.39939437 0.3803674 ]
 [0.13231966 0.48681799 0.38086235]
 [0.56715032 0.32728576 0.10556392]
 [0.48523249 0.44617798 0.06858953]
 [0.07830008 0.71182302 0.2098769 ]
 [0.09506029 0.55301156 0.35192815]
 [0.07865572 0.32971289 0.5916314 ]
 [0.49480942 0.40370403 0.10148656]
 [0.16066013 0.63611459 0.20322528]
 [0.13586683 0.5649082  0.29922497]
 [0.18782059 0.32572559 0.48645382]
 [0.50057217 0.38229757 0.11713026]
 [0.6400397  0.30889967 0.05106063]
 [0.1684372  0.55159775 0.27996505]
 [0.48255546 0.43047233 0.08697221]
 [0.55484026 0.33044523 0.11471451]
 [0.62996023 0.30498668 0.06505309]
 [0.50738968 0.34857013 0.14404019]
 [0.15729902 0.67801197 0.16468901]
 [0.1116633  0.75789291 0.13044378]
 [0.13086359 0.6441938  0.22494261]
 [0.63136471 0.32028851 0.04834678]
 [0.50336014 0.45140576 0.0452341 ]
 [0.22677922 0.66397522 0.10924556]
 [0.11458727 0.66160848 0.22380425]
 [0.13436714 0.79188379 0.07374907]
 [0.33206115 0.48170513 0.18623372]
 [0.35238396 0.59787083 0.04974521]
 [0.08545201 0.78047339 0.13407459]
 [0.33155499 0.61219829 0.05624672]
 [0.38984179 0.47865656 0.13150165]
 [0.12766831 0.70197784 0.17035385]
 [0.30944991 0.45879254 0.23175755]
 [0.12070793 0.72279061 0.15650146]
 [0.32782789 0.5947278  0.07744431]
 [0.70805409 0.23651217 0.05543374]
 [0.13960383 0.54734757 0.3130486 ]
 [0.11539735 0.58291417 0.30168848]
 [0.11526348 0.68095733 0.20377919]
 [0.53196321 0.42719122 0.04084558]
 [0.21529755 0.40861043 0.37609202]
 [0.18928286 0.42677482 0.38394231]
 [0.08092027 0.6882672  0.23081253]
 [0.154987   0.39744632 0.44756669]
 [0.1090648  0.59783085 0.29310435]
 [0.10163176 0.78998007 0.10838817]
 [0.07909679 0.77461821 0.146285  ]
 [0.09061083 0.78044266 0.12894651]
 [0.07555341 0.81072293 0.11372366]
 [0.07971452 0.76998281 0.15030267]
 [0.76776606 0.16885327 0.06338067]
 [0.10329084 0.74321689 0.15349227]
 [0.70751845 0.24614223 0.04633932]
 [0.21183386 0.67329248 0.11487366]
 [0.14828397 0.68764724 0.16406879]
 [0.10679091 0.67990561 0.21330348]
 [0.0812804  0.72750056 0.19121904]
 [0.08515336 0.70705006 0.20779658]
 [0.51984257 0.30627312 0.17388431]
 [0.35616979 0.42670323 0.21712698]
 [0.20359505 0.51191645 0.2844885 ]
 [0.15121784 0.36724207 0.48154009]
 [0.18196981 0.35396758 0.46406261]
 [0.21254247 0.41598546 0.37147207]
 [0.22991002 0.5805884  0.18950158]
 [0.09836244 0.70505759 0.19657996]
 [0.15627433 0.3942362  0.44948947]
 [0.78482302 0.17950389 0.0356731 ]
 [0.20243233 0.28940312 0.50816455]
 [0.25691586 0.573998   0.16908614]
 [0.16734099 0.71244172 0.1202173 ]
 [0.15700806 0.49618844 0.3468035 ]
 [0.53837634 0.40835826 0.0532654 ]
 [0.40725081 0.51837067 0.07437852]
 [0.16338312 0.26340259 0.57321429]
 [0.29844923 0.63535902 0.06619175]
 [0.55302711 0.37404028 0.07293261]
 [0.12551228 0.54371231 0.33077541]
 [0.16704617 0.63096518 0.20198865]
 [0.35966052 0.43620504 0.20413445]
 [0.15326063 0.46883411 0.37790526]
 [0.10568579 0.65950461 0.2348096 ]]","['# of Families 10', '# of Households 10', '% ADA Diff', '% Age 20-24 Pop 10', '% Age 35-44 Pop 10', '% Age 85-Up Pop 10', '% Asian Diff', '% Asian Pop 10', '% Black Diff', '% Black Pop 10', '% County Infected 09/28/20', '% Female Pop 10', '% Free Lunch Diff', '% Grades 1-8 Diff', '% Grades 9-12 Diff', '% HH Male-Child 10', '% HH Married-noChild 10', '% Hispanic Diff', '% Kinder Diff', '% Male Pop 10', '% On Campus 01/29/21', '% On Campus 09/28/20', '% On Campus 10/30/20', '% Prek Diff', '% Reduced-price Lunch Diff', '% Tested Reading G3 Diff', '% Tested Reading G4 Diff', '% Tested Reading G5 Diff', '% Tested Reading G6 Diff', '% Tested Reading G7 Diff', '% Tested Reading G8 Diff', '% Title 1 School-wide Diff', '% White Diff', '% White Pop 10', 'ARP ESSER III 21', 'Avg Family Size 10', 'Avg Household Size 10', 'CARES ESSER I 20', 'CRRSA ESSER II 21', 'County Population', 'ESSER-SUPP 22', 'ESSER-SUPP 23', 'Employed Diff', 'Labor Force Diff', 'Locale_13-City: Small', 'Locale_31-Town: Fringe', 'Locale_32-Town: Distant', 'Locale_43-Rural: Remote', 'Median Age 10', 'Median Age Female 10', 'Median Age Male 10', 'Staff:Students Diff', 'Teachers:Students Diff', 'Total Schools Diff', 'Total Students Diff', 'Unemployed Level Diff', 'Unemployed Rate Diff']",<catboost.core.CatBoostClassifier object at 0x00000299835C8DC0>,"              precision    recall  f1-score   support

